495 5.35564756393
496 14.1586532593
497 1.00048780441
493 0.56001329422
406 5.24814653397
540 11.8846931458
404 4.37776756287
546 3.43926024437
401 4.97781181335
input 0.594290137291
548 5.88215589523
408 4.69638729095
414 3.8579416275
536 2.86953854561
416 3.85998725891
533 4.40917778015
360 2.99446940422
530 11.4972171783
371 1.70091843605
output 0.560079897344
373 5.39164113998
375 1.00031244755
374 8.64924430847
538 4.59858942032
592 1.33524417877
594 7.31908512115
596 8.14737510681
599 3.85094881058
391 3.54204463959
396 2.83979129791
394 3.13648033142
398 3.48905348778
429 3.36797070503
526 3.83875060081
520 12.2894325256
523 4.35611629486
367 1.70091843605
423 0.831912994385
528 3.87069439888
427 0.831912994385
411 4.45686244965
582 30.5394649506
583 1.00048851967
581 6.66742038727
442 4.77221870422
440 2.13664579391
447 2.72332978249
444 6.71486997604
384 1.46275830269
386 3.0754802227
388 2.78829479218
518 6.2814950943
510 11.4301700592
513 6.31540775299
430 8.4856300354
516 4.46927881241
579 0.608292818069
627 5.5925154686
626 5.5925154686
624 5.5925154686
450 4.07945251465
452 4.50653934479
454 5.00726604462
575 0.608292818069
457 3.88559699059
543 6.88287162781
508 3.13488125801
506 1.76945376396
568 7.12173128128
632 0.307788968086
634 0.307788968086
635 0.307788968086
560 16.6244239807
464 7.93855953217
467 6.38698244095
563 4.8488407135
460 5.44928121567
566 4.60572290421
462 4.91262197495
604 6.61588573456
606 8.12276172638
558 4.58317565918
602 3.18494462967
556 4.70637893677
609 2.85276770592
550 15.6656570435
553 4.07078838348
355 3.90721178055
477 8.95851135254
618 8.10173606873
619 8.10173606873
351 4.04632806778
612 2.16173124313
616 8.10173606873
614 4.81912279129
489 0.56001329422
482 4.94058322906
480 9.90465068817
472 4.28522968292
470 5.44986629486
352 4.31608343124
474 10.6971731186
431 1.00028121471
358 3.19133114815
