###
# file: /tmp/4/home/arvin/Documents/tpu_compiler/regression/data/cali_tables/blazeface_calibration_table
# genetated time: 2021-03-17 15:28:39.069641
# histogram number: 2048
# sample number: 1
###
# op_name    threshold    min    max
x.1 1.99313 -0.00784 1.99216
80_Relu 4.32492 0.00000 4.32281
81_Conv 5.73944 -5.73664 2.80828
82_Conv 9.81846 -9.81367 5.73723
84_Relu 7.68776 0.00000 7.68401
85_Pad 7.68776 0.00000 7.68401
86_Conv 7.42278 -6.49383 7.41915
87_Conv 10.54413 -10.53899 9.30612
89_Relu 11.19924 0.00000 11.19377
91_MaxPool 11.19924 0.00000 11.19377
92_Pad 11.19924 0.00000 11.19377
93_Conv 8.97458 -8.36797 8.97020
94_Conv 9.67404 -9.66931 6.52330
96_Relu 8.70597 0.00000 8.70172
97_Pad 8.70597 0.00000 8.70172
98_Conv 15.35029 -10.23156 15.34279
99_Conv 8.28660 -8.28255 5.39652
101_Relu 9.21392 0.00000 9.20942
102_Pad 9.21392 0.00000 9.20942
103_Conv 16.97866 -9.73020 16.97037
104_Conv 9.76552 -9.76075 3.16278
106_Relu 5.54872 0.00000 5.54601
108_MaxPool 5.54872 0.00000 5.54601
109_Pad 5.54872 0.00000 5.54601
110_Conv 9.72405 -9.71930 8.90679
111_Conv 3.82291 -3.46645 3.82104
113_Relu 5.99773 0.00000 5.99481
114_Pad 5.99773 0.00000 5.99481
115_Conv 9.59425 -9.58957 7.17828
116_Conv 5.23986 -5.23730 3.13674
118_Relu 5.81178 0.00000 5.80894
119_Pad 5.81178 0.00000 5.80894
120_Conv 8.22798 -8.22397 5.92310
121_Conv 4.73328 -4.73097 3.44397
123_Relu 7.14844 0.00000 7.14495
124_Pad 7.14844 0.00000 7.14495
125_Conv 8.08997 -6.70799 8.08602
126_Conv 5.63803 -5.63527 4.61600
128_Relu 8.16178 0.00000 8.15780
129_Pad 8.16178 0.00000 8.15780
130_Conv 9.03002 -8.15090 9.02562
131_Conv 7.53366 -7.52998 5.19707
133_Relu 9.59673 0.00000 9.59204
134_Pad 9.59673 0.00000 9.59204
135_Conv 10.22460 -9.38999 10.21961
136_Conv 6.91094 -6.90757 5.54181
138_Relu 9.09555 0.00000 9.09110
140_MaxPool 9.09555 0.00000 9.09110
141_Pad 9.09555 0.00000 9.09110
142_Conv 13.26048 -13.25401 12.51471
143_Conv 5.46483 -5.46216 3.94940
145_Relu 8.05470 0.00000 8.05077
146_Conv 9.53701 -9.53235 8.95728
147_Conv 5.03303 -5.03057 3.21833
149_Relu 8.22522 0.00000 8.22121
150_Conv 10.81087 -11.52597 6.89791
151_Conv 5.86430 -5.86144 3.80140
153_Relu 9.69171 0.00000 9.68698
154_Conv 8.28692 -8.28287 7.70161
155_Conv 5.17567 -5.17314 4.59999
157_Relu 11.62514 0.00000 11.61946
158_Conv 14.03691 -10.18400 14.03006
159_Conv 6.17921 -6.17619 5.72934
161_Relu 8.87883 0.00000 8.87450
162_Conv 14.21157 -14.20463 0.00001
163_Transpose 14.21157 -14.20463 0.00001
170_Reshape 14.21157 -14.20463 0.00001
171_Conv 16.47063 -16.46259 0.00001
172_Transpose 16.47063 -16.46259 0.00001
179_Reshape 16.47063 -16.46259 0.00001
180_Concat 16.47063 -16.46259 0.00001
181_Conv 36.92823 -13.14412 36.91019
182_Transpose 36.92823 -13.14412 36.91019
189_Reshape 36.92823 -13.14412 36.91019
190_Conv 111.66720 -33.52125 111.61267
191_Transpose 111.66720 -33.52125 111.61267
198_Reshape 111.66720 -33.52125 111.61267
199_Concat 111.66720 -33.52125 111.61267
