###
# file: fcos_calibration_table
# genetated time: 2021-02-09 19:00:15.891733
# histogram number: 2048
# sample number: 1
###
# op_name    threshold    min    max
input_image 239.17929 0.00000 255.00000
336_Mul 10.51154 -17.86460 18.67806
337_Add 15.26303 -16.20189 20.34077
338_Relu 16.53495 0.00000 20.34077
339_MaxPool 15.26303 0.00000 20.34077
351_Mul 7.20642 -19.20775 11.83100
352_Add 8.18892 -16.36985 8.27895
353_Relu 8.28299 0.00000 8.27895
365_Mul 8.58063 -10.55562 9.40731
366_Add 14.25555 -10.69557 14.24859
367_Relu 14.25555 0.00000 14.24859
379_Mul 12.83943 -15.79465 14.85223
380_Add 8.71668 -10.28162 12.67262
392_Mul 20.39098 -25.08434 22.96088
393_Add 11.31001 -22.60898 20.00805
395_Relu 11.41467 0.00000 15.21213
407_Mul 12.47467 -15.34595 9.74387
408_Add 9.03264 -13.13197 9.19948
409_Relu 5.75248 0.00000 9.19948
421_Mul 6.59832 -11.72462 8.93092
422_Add 6.38633 -10.21314 6.60245
423_Relu 6.19282 0.00000 6.60245
435_Mul 6.53075 -11.60454 10.83407
436_Add 7.78999 -11.32537 10.16732
438_Relu 9.71110 0.00000 15.53018
450_Mul 6.31160 -10.09363 9.77894
451_Add 5.96933 -9.54627 8.12396
452_Relu 3.04797 0.00000 8.12396
464_Mul 6.08149 -8.64035 9.72563
465_Add 7.23667 -8.62687 9.64418
466_Relu 6.03056 0.00000 9.64418
478_Mul 4.19664 -13.42268 9.46401
479_Add 6.62871 -11.77861 10.33623
481_Relu 12.23131 0.00000 16.30045
493_Mul 7.12775 -9.21705 10.36257
494_Add 4.84721 -8.61305 7.30114
495_Relu 3.19581 0.00000 7.30114
507_Mul 7.60115 -8.10393 7.82911
508_Add 5.98264 -6.83396 6.73487
509_Relu 3.79022 0.00000 6.73487
521_Mul 8.38020 -19.14538 14.07335
522_Add 9.45484 -15.12036 12.86161
534_Mul 10.84796 -17.13340 17.34826
535_Add 11.09582 -12.66957 16.13150
537_Relu 11.43638 0.00000 15.24106
549_Mul 5.48140 -6.26119 9.73995
550_Add 6.54150 -7.88996 8.71774
551_Relu 4.90612 0.00000 8.71774
563_Mul 9.41818 -15.06172 9.16227
564_Add 9.51242 -15.21244 9.01156
565_Relu 4.50798 0.00000 9.01156
577_Mul 5.04209 -14.44616 16.12680
578_Add 6.46697 -11.90852 14.77443
580_Relu 8.99307 0.00000 15.97987
592_Mul 6.11597 -6.18837 19.56155
593_Add 5.56185 -7.28600 17.78923
594_Relu 5.56185 0.00000 17.78923
606_Mul 8.73498 -9.68899 46.56384
607_Add 20.62706 -10.42639 47.12455
608_Relu 2.94672 0.00000 47.12455
620_Mul 6.31189 -20.18820 15.34096
621_Add 15.22082 -20.28452 14.95997
623_Relu 14.11013 0.00000 16.11799
635_Mul 6.59065 -11.02229 26.34972
636_Add 8.57762 -11.42718 22.86248
637_Relu 4.28881 0.00000 22.86248
649_Mul 7.88033 -11.45670 10.62347
650_Add 5.80951 -11.61334 11.22848
651_Relu 11.23396 0.00000 11.22848
663_Mul 5.17795 -11.82954 10.63083
664_Add 4.60686 -10.52482 9.39221
666_Relu 11.00767 0.00000 17.60367
678_Mul 5.05806 -7.05266 16.17790
679_Add 13.67981 -5.89113 13.67313
680_Relu 13.67981 0.00000 13.67313
692_Mul 13.81082 -9.93410 13.80407
693_Add 11.27969 -10.19290 11.27418
694_Relu 11.27969 0.00000 11.27418
706_Mul 14.20428 -14.14776 14.19734
707_Add 13.42072 -13.31097 13.41417
719_Mul 14.47925 -14.28540 14.47218
720_Add 13.62712 -13.14870 13.62046
722_Relu 16.13205 0.00000 16.12417
734_Mul 6.36378 -8.51592 12.72134
735_Add 5.42863 -6.76798 14.46929
736_Relu 5.42863 0.00000 14.46929
748_Mul 31.02533 -31.01018 28.04094
749_Add 5.95052 -31.72061 27.33051
750_Relu 27.34386 0.00000 27.33051
762_Mul 15.52604 -15.51846 12.16797
763_Add 16.60034 -16.59223 12.22620
765_Relu 11.91990 0.00000 15.88545
777_Mul 6.49094 -6.09145 17.30074
778_Add 6.32628 -6.50069 14.45300
779_Relu 5.42252 0.00000 14.45300
791_Mul 6.36253 -25.43769 25.20924
792_Add 6.46087 -25.83087 25.04796
793_Relu 4.69879 0.00000 25.04796
805_Mul 8.88666 -10.15591 14.21172
806_Add 8.94328 -9.99319 14.30227
808_Relu 13.01628 0.00000 18.92352
820_Mul 18.08570 -7.52661 18.07687
821_Add 16.70005 -8.97248 16.69190
822_Relu 16.70005 0.00000 16.69190
834_Mul 8.23310 -10.90981 32.91631
835_Add 10.20360 -10.65589 32.63558
836_Relu 8.16288 0.00000 32.63558
848_Mul 20.85612 -20.84594 16.83026
849_Add 18.23113 -20.82540 16.68697
851_Relu 12.91464 0.00000 22.94815
863_Mul 15.58183 -9.67667 15.57422
864_Add 14.36283 -10.27584 14.35581
865_Relu 14.36283 0.00000 14.35581
877_Mul 25.64654 -9.44721 25.63401
878_Add 9.63296 -9.22522 25.67536
879_Relu 25.68790 0.00000 25.67536
891_Mul 19.84456 -19.83487 12.17297
892_Add 18.41178 -19.62964 12.19258
894_Relu 12.31724 0.00000 24.62245
906_Mul 13.58339 -7.69049 14.48188
907_Add 12.76721 -9.04168 13.61171
908_Relu 12.76721 0.00000 13.61171
920_Mul 14.71356 -21.14627 47.06042
921_Add 20.03985 -20.15884 45.78300
922_Relu 20.03985 0.00000 45.78300
934_Mul 11.03684 -15.66896 25.21475
935_Add 11.23833 -14.29281 25.67507
937_Relu 16.05476 0.00000 25.67507
949_Mul 5.87963 -7.83568 6.27108
950_Add 6.76963 -6.76632 5.56615
951_Relu 5.56887 0.00000 5.56615
963_Mul 7.73244 -7.72867 5.80531
964_Add 7.84237 -7.83855 5.21105
965_Relu 5.21360 0.00000 5.21105
977_Mul 12.44618 -14.97381 24.88020
978_Add 11.96121 -15.60304 23.91073
990_Mul 16.85045 -16.19475 29.94173
991_Add 22.21316 -16.54339 32.29427
993_Relu 37.37750 0.00000 37.35925
1005_Mul 5.30778 -7.07358 6.61997
1006_Add 6.87068 -6.86733 6.77474
1007_Relu 6.77805 0.00000 6.77474
1019_Mul 6.94285 -6.93946 5.61090
1020_Add 6.74078 -6.73749 5.90698
1021_Relu 5.90987 0.00000 5.90698
1033_Mul 21.97891 -16.06236 21.96818
1034_Add 10.31866 -11.74857 20.62723
1036_Relu 26.84418 0.00000 42.92972
1048_Mul 5.37389 -7.16169 5.22925
1049_Add 7.27371 -7.27016 4.60150
1050_Relu 4.60374 0.00000 4.60150
1062_Mul 7.81482 -7.81100 5.32620
1063_Add 7.48637 -7.48271 4.87635
1064_Relu 4.87873 0.00000 4.87635
1076_Mul 13.74597 -12.31753 24.42534
1077_Add 15.35723 -12.05005 22.32688
1079_Relu 40.66498 0.00000 40.64512
1080_Conv 8.76261 -9.13949 9.34222
1081_Conv 8.47678 -8.47264 7.19893
1082_Conv 9.63912 -15.41506 12.11891
1084_Resize 8.76261 -9.13949 9.34222
1085_Add 12.74115 -15.67376 12.70617
1086_Conv 9.87171 -12.14386 11.89798
1087_Conv 7.84010 -8.35869 7.63131
1089_Resize 12.74115 -15.67376 12.70617
1090_Add 15.40413 -15.39661 13.84963
1091_Conv 10.99990 -12.63578 13.53173
1092_Conv 7.20949 -7.44430 7.68637
1093_Relu 7.20949 0.00000 7.68637
1094_Conv 4.09362 -3.58096 4.09162
1095_Conv 6.21262 -5.93662 6.62355
1097_Reshape 6.21262 -5.93662 6.62355
1100_InstanceNormalization 5.83374 -7.17648 6.95855
1102_Reshape 5.83374 -7.17648 6.95855
1107_Relu 6.96195 0.00000 6.95855
1108_Conv 2.25777 -2.25666 2.13404
1110_Reshape 2.25777 -2.25666 2.13404
1113_InstanceNormalization 6.69198 -6.68871 6.25855
1115_Reshape 6.69198 -6.68871 6.25855
1120_Relu 6.26161 0.00000 6.25855
1121_Conv 2.59754 -2.59627 2.40871
1123_Reshape 2.59754 -2.59627 2.40871
1126_InstanceNormalization 6.56893 -7.00343 6.22867
1128_Reshape 6.56893 -7.00343 6.22867
1133_Relu 6.23171 0.00000 6.22867
1134_Conv 2.43646 -2.43527 2.39010
1136_Reshape 2.43646 -2.43527 2.39010
1139_InstanceNormalization 7.62021 -7.61649 6.33787
1141_Reshape 7.62021 -7.61649 6.33787
1146_Relu 5.15203 0.00000 6.33787
1147_Conv 5.35672 -6.11897 5.85600
1149_Reshape 5.35672 -6.11897 5.85600
1152_InstanceNormalization 6.69775 -6.68278 6.69448
1154_Reshape 6.69775 -6.68278 6.69448
1159_Relu 5.44192 0.00000 6.69448
1160_Conv 1.90123 -2.17124 2.17178
1162_Reshape 1.90123 -2.17124 2.17178
1165_InstanceNormalization 6.09765 -6.41404 6.96533
1167_Reshape 6.09765 -6.41404 6.96533
1172_Relu 5.22655 0.00000 6.96533
1173_Conv 1.82468 -2.08433 2.02745
1175_Reshape 1.82468 -2.08433 2.02745
1178_InstanceNormalization 6.80804 -6.80471 6.41105
1180_Reshape 6.80804 -6.80471 6.41105
1185_Relu 6.41418 0.00000 6.41105
1186_Conv 2.57087 -2.18057 2.56962
1188_Reshape 2.57087 -2.18057 2.56962
1191_InstanceNormalization 6.35500 -6.35190 6.02586
1193_Reshape 6.35500 -6.35190 6.02586
1198_Relu 6.02880 0.00000 6.02586
P3/logits_Conv 6.91011 -6.90673 0.00001
P6/bbox_reg_Conv 1.30429 -0.47806 1.30365
1203_Relu 1.56304 0.00000 1.56228
P4/centerness_Mul 12.50436 0.00000 12.49825
1206_Conv 5.50458 -5.06675 5.50189
1208_Reshape 5.50458 -5.06675 5.50189
1211_InstanceNormalization 7.66658 -7.00492 7.66283
1213_Reshape 7.66658 -7.00492 7.66283
1218_Relu 7.66658 0.00000 7.66283
1219_Conv 2.38403 -2.33701 2.38287
1221_Reshape 2.38403 -2.33701 2.38287
1224_InstanceNormalization 6.55581 -6.40738 6.55261
1226_Reshape 6.55581 -6.40738 6.55261
1231_Relu 6.55581 0.00000 6.55261
1232_Conv 2.04043 -2.33078 2.02996
1234_Reshape 2.04043 -2.33078 2.02996
1237_InstanceNormalization 6.95579 -6.95239 5.88626
1239_Reshape 6.95579 -6.95239 5.88626
1244_Relu 5.88914 0.00000 5.88626
1245_Conv 2.18577 -2.00254 2.18470
1247_Reshape 2.18577 -2.00254 2.18470
1250_InstanceNormalization 6.46297 -6.45981 5.93853
1252_Reshape 6.46297 -6.45981 5.93853
1257_Relu 5.94143 0.00000 5.93853
1258_Conv 5.66471 -5.66195 5.15240
1260_Reshape 5.66471 -5.66195 5.15240
1263_InstanceNormalization 7.20815 -7.20463 6.90950
1265_Reshape 7.20815 -7.20463 6.90950
1270_Relu 6.91288 0.00000 6.90950
1271_Conv 2.28389 -2.22595 2.28278
1273_Reshape 2.28389 -2.22595 2.28278
1276_InstanceNormalization 6.40609 -6.06902 6.40297
1278_Reshape 6.40609 -6.06902 6.40297
1283_Relu 6.40609 0.00000 6.40297
1284_Conv 2.48011 -2.40782 2.47890
1286_Reshape 2.48011 -2.40782 2.47890
1289_InstanceNormalization 6.59360 -6.29357 7.02974
1291_Reshape 6.59360 -6.29357 7.02974
1296_Relu 7.03317 0.00000 7.02974
1297_Conv 2.00447 -2.20738 2.67132
1299_Reshape 2.00447 -2.20738 2.67132
1302_InstanceNormalization 6.88490 -6.61296 6.88154
1304_Reshape 6.88490 -6.61296 6.88154
1309_Relu 6.88490 0.00000 6.88154
P3/bbox_reg_Conv 6.29770 -6.29463 0.00001
P6/centerness_Conv 1.10984 -0.37513 1.10930
1314_Relu 1.59059 0.00000 1.58981
P5/logits_Mul 25.44946 0.00000 25.43704
1317_Conv 3.84303 -3.84115 3.39805
1319_Reshape 3.84303 -3.84115 3.39805
1322_InstanceNormalization 7.52206 -7.51838 6.37160
1324_Reshape 7.52206 -7.51838 6.37160
1329_Relu 6.37471 0.00000 6.37160
1330_Conv 1.92059 -1.91694 2.19389
1332_Reshape 1.92059 -1.91694 2.19389
1335_InstanceNormalization 6.32940 -5.87611 6.32631
1337_Reshape 6.32940 -5.87611 6.32631
1342_Relu 6.32940 0.00000 6.32631
1343_Conv 2.13314 -2.13210 2.00736
1345_Reshape 2.13314 -2.13210 2.00736
1348_InstanceNormalization 5.40507 -5.89475 6.17421
1350_Reshape 5.40507 -5.89475 6.17421
1355_Relu 6.17723 0.00000 6.17421
1356_Conv 2.13473 -2.03997 2.13369
1358_Reshape 2.13473 -2.03997 2.13369
1361_InstanceNormalization 6.31286 -6.30978 5.54874
1363_Reshape 6.31286 -6.30978 5.54874
1368_Relu 5.55145 0.00000 5.54874
1369_Conv 3.99463 -3.99268 3.49573
1371_Reshape 3.99463 -3.99268 3.49573
1374_InstanceNormalization 7.58796 -7.58425 5.97022
1376_Reshape 7.58796 -7.58425 5.97022
1381_Relu 5.97314 0.00000 5.97022
1382_Conv 1.87992 -1.87900 1.83207
1384_Reshape 1.87992 -1.87900 1.83207
1387_InstanceNormalization 5.91580 -5.91291 5.37157
1389_Reshape 5.91580 -5.91291 5.37157
1394_Relu 5.37420 0.00000 5.37157
1395_Conv 1.86367 -1.86276 1.71599
1397_Reshape 1.86367 -1.86276 1.71599
1400_InstanceNormalization 5.86419 -5.86133 5.28872
1402_Reshape 5.86419 -5.86133 5.28872
1407_Relu 5.29130 0.00000 5.28872
1408_Conv 2.00409 -2.00311 1.88194
1410_Reshape 2.00409 -2.00311 1.88194
1413_InstanceNormalization 5.19411 -4.75553 5.19157
1415_Reshape 5.19411 -4.75553 5.19157
1420_Relu 5.19411 0.00000 5.19157
P3/centerness_Conv 6.13040 -6.12741 0.00001
P7/logits_Conv 1.19736 -0.27750 1.19677
1425_Relu 1.30129 0.00000 1.38736
P5/bbox_reg_Mul 41.64119 0.00000 44.39558
1428_Conv 3.05556 -3.05407 2.72925
1430_Reshape 3.05556 -3.05407 2.72925
1433_InstanceNormalization 4.83034 -4.80789 4.82798
1435_Reshape 4.83034 -4.80789 4.82798
1440_Relu 4.83034 0.00000 4.82798
1441_Conv 1.62125 -1.57880 1.62046
1443_Reshape 1.62125 -1.57880 1.62046
1446_InstanceNormalization 4.93478 -4.93237 4.77415
1448_Reshape 4.93478 -4.93237 4.77415
1453_Relu 4.77648 0.00000 4.77415
1454_Conv 1.70153 -1.70070 1.42355
1456_Reshape 1.70153 -1.70070 1.42355
1459_InstanceNormalization 5.21687 -5.21433 4.30964
1461_Reshape 5.21687 -5.21433 4.30964
1466_Relu 4.31174 0.00000 4.30964
1467_Conv 1.49882 -1.46107 1.49809
1469_Reshape 1.49882 -1.46107 1.49809
1472_InstanceNormalization 4.37980 -4.37766 4.07422
1474_Reshape 4.37980 -4.37766 4.07422
1479_Relu 4.07621 0.00000 4.07422
1480_Conv 2.89810 -2.52483 2.89668
1482_Reshape 2.89810 -2.52483 2.89668
1485_InstanceNormalization 4.93832 -4.93591 4.91163
1487_Reshape 4.93832 -4.93591 4.91163
1492_Relu 4.91403 0.00000 4.91163
1493_Conv 1.69679 -1.69596 1.58680
1495_Reshape 1.69679 -1.69596 1.58680
1498_InstanceNormalization 5.17551 -5.02684 5.17298
1500_Reshape 5.17551 -5.02684 5.17298
1505_Relu 5.17551 0.00000 5.17298
1506_Conv 1.63001 -1.62921 1.58588
1508_Reshape 1.63001 -1.62921 1.58588
1511_InstanceNormalization 4.43301 -4.43084 4.36818
1513_Reshape 4.43301 -4.43084 4.36818
1518_Relu 4.37032 0.00000 4.36818
1519_Conv 1.73751 -1.62580 1.73666
1521_Reshape 1.73751 -1.62580 1.73666
1524_InstanceNormalization 4.56374 -4.33787 4.56151
1526_Reshape 4.56374 -4.33787 4.56151
1531_Relu 4.56374 0.00000 4.56151
P4/logits_Conv 5.92170 -5.91880 0.00001
P7/bbox_reg_Conv 1.01702 -0.19410 1.01653
1536_Relu 1.20783 0.00000 1.20724
P5/centerness_Mul 77.30121 0.00000 77.26347
1539_Conv 1.68458 -1.62704 1.68376
1541_Reshape 1.68458 -1.62704 1.68376
1544_InstanceNormalization 4.41998 -4.20248 4.41782
1546_Reshape 4.41998 -4.20248 4.41782
1551_Relu 4.41998 0.00000 4.41782
1552_Conv 1.97039 -1.96943 1.39215
1554_Reshape 1.97039 -1.96943 1.39215
1557_InstanceNormalization 4.43967 -4.43750 4.26996
1559_Reshape 4.43967 -4.43750 4.26996
1564_Relu 4.27204 0.00000 4.26996
1565_Conv 1.51475 -1.48636 1.51401
1567_Reshape 1.51475 -1.48636 1.51401
1570_InstanceNormalization 4.66097 -4.53837 4.65870
1572_Reshape 4.66097 -4.53837 4.65870
1577_Relu 4.66097 0.00000 4.65870
1578_Conv 1.54198 -1.54123 1.42469
1580_Reshape 1.54198 -1.54123 1.42469
1583_InstanceNormalization 4.30016 -4.29806 4.25212
1585_Reshape 4.30016 -4.29806 4.25212
1590_Relu 4.25420 0.00000 4.25212
1591_Conv 1.69532 -1.66380 1.69449
1593_Reshape 1.69532 -1.66380 1.69449
1596_InstanceNormalization 4.53934 -4.53712 3.84372
1598_Reshape 4.53934 -4.53712 3.84372
1603_Relu 3.84560 0.00000 3.84372
1604_Conv 1.82648 -1.82558 1.38535
1606_Reshape 1.82648 -1.82558 1.38535
1609_InstanceNormalization 5.15867 -5.15615 4.07855
1611_Reshape 5.15867 -5.15615 4.07855
1616_Relu 4.08055 0.00000 4.07855
1617_Conv 1.69258 -1.69175 1.38769
1619_Reshape 1.69258 -1.69175 1.38769
1622_InstanceNormalization 4.73486 -4.73255 4.17488
1624_Reshape 4.73486 -4.73255 4.17488
1629_Relu 4.17692 0.00000 4.17488
1630_Conv 1.78083 -1.40591 1.77996
1632_Reshape 1.78083 -1.40591 1.77996
1635_InstanceNormalization 4.38216 -3.96359 4.38002
1637_Reshape 4.38216 -3.96359 4.38002
1642_Relu 4.38216 0.00000 4.38002
P4/bbox_reg_Conv 5.96361 -5.96069 0.00001
P7/centerness_Conv 1.00555 -0.18246 1.00506
1647_Relu 0.93122 0.00000 0.93076
P6/logits_Mul 119.19601 0.00000 119.13780
