# genetated time: 2022-01-19 21:23:05.619303
# sample number: 100
###
# op_name    threshold    min    max
0 1.0019569 0.0000000 1.0000000
35_Conv 1.6963067 -2.2854803 0.8907082
36_LeakyRelu 1.8693385 -0.0228548 0.8907082
75_Conv 1.5531529 -2.3387227 1.8381149
76_LeakyRelu 0.9208560 -0.0233872 1.8381149
77_MaxPool 1.8381149 -0.0183816 1.8381149
95_Conv 2.4108236 -3.5057962 2.3245196
96_LeakyRelu 2.3245196 -0.0350580 2.3245196
97_Conv 12.3386946 -17.1626892 2.8461182
98_LeakyRelu 1.4258440 -0.1716269 2.8461182
99_MaxPool 8.8461182 -0.1586483 2.8461182
122_Conv 2.2866302 -3.3449111 1.7796685
123_LeakyRelu 1.7796685 -0.0334491 1.7796685
162_Conv 2.5210090 -3.3547802 2.7506187
163_LeakyRelu 1.3780007 -0.0335478 2.7506187
164_MaxPool 2.7506187 -0.0258365 2.7506187
182_Add 4.5434389 -0.1560091 4.5434389
183_Conv 6.0437064 -8.7865534 3.9394932
184_LeakyRelu 3.9394932 -0.0878655 3.9394932
185_Conv 7.4557500 -9.9215841 3.1709471
186_LeakyRelu 7.5885762 -0.0992158 3.1709471
209_Conv 4.3108673 -6.4153910 4.6421967
210_LeakyRelu 4.6421967 -0.0641539 4.6421967
249_Conv 4.2114582 -5.8592410 3.5947022
250_LeakyRelu 3.5947022 -0.0585924 3.5947022
268_Add 2.7350423 -0.1172573 5.4594011
282_Reshape 3.5947022 -0.0585924 3.5947022
283_ReduceMean 1.8707087 -0.0191735 1.8697953
284_ReduceMax 3.5947022 -0.0030127 3.5947022
285_Add 5.3886585 -0.0191197 5.3886585
293_Reshape 2.7350423 -0.1172573 5.4594011
294_ReduceMean 2.7031946 -0.0462445 2.6979148
295_ReduceMax 5.4594011 -0.0138714 5.4594011
296_Add 7.9573212 -0.0598087 7.9573212
304_Reshape 3.5947022 -0.0585924 3.5947022
305_ReduceMean 1.8999257 -0.0240614 2.0097775
306_ReduceMax 3.5947022 -0.0077550 3.5947022
307_Add 4.0292034 -0.0281972 5.6044798
315_Reshape 2.7350423 -0.1172573 5.4594011
316_ReduceMean 2.8317094 -0.0710298 2.8261788
317_ReduceMax 5.4594011 -0.0222377 5.4594011
318_Add 7.7343345 -0.0881996 7.7343345
326_Reshape 3.5947022 -0.0585924 3.5947022
327_ReduceMean 1.6199840 -0.0262234 2.1266835
328_ReduceMax 3.5947022 -0.0130124 3.5947022
329_Add 4.0730572 -0.0371258 5.4875741
337_Reshape 2.7350423 -0.1172573 5.4594011
338_ReduceMean 2.4904079 -0.0796505 3.0357406
339_ReduceMax 4.5638571 -0.0278421 5.4594011
340_Add 7.6734686 -0.0956471 7.6734686
348_Reshape 3.5947022 -0.0585924 3.5947022
349_ReduceMean 1.7645609 -0.0341616 2.3515992
350_ReduceMax 3.5947022 -0.0182193 3.5947022
351_Add 3.7075567 -0.0501903 5.9262977
359_Reshape 2.7350423 -0.1172573 5.4594011
360_ReduceMean 2.3173294 -0.0834337 3.2237167
361_ReduceMax 3.4137926 -0.0325552 5.4594011
362_Add 7.4639597 -0.1006020 7.8300834
371_ReduceMean 1.8523414 -0.0441088 2.4673767
372_ReduceMax 3.5947022 -0.0273799 3.5947022
373_Add 3.2089679 -0.0708487 5.9098616
382_ReduceMean 2.5160708 -0.0915604 3.4627676
383_ReduceMax 3.3696799 -0.0424260 5.4594011
384_Add 6.3113289 -0.1154553 8.0765285
385_Concat 4.9219351 -0.1154553 8.0765285
386_Transpose 4.9219351 -0.1154553 8.0765285
