###
# file: ghostnet_calibration_table
# genetated time: 2021-03-02 23:41:31.113951
# histogram number: 2048
# sample number: 1000
###
# op_name    threshold    min    max
input 2.64129 -2.11790 2.64000
515_Relu 58.97322 0.00000 117.88884
518_Relu 27.67709 0.00000 49.17969
521_Relu 9.25124 0.00000 49.31584
522_Concat 18.50247 0.00000 49.31584
527_Slice 18.50247 0.00000 49.31584
529_BatchNormalization 31.47960 -83.90460 59.85572
531_BatchNormalization 17.69168 -94.30953 77.98411
532_Concat 29.48613 -94.30953 77.98411
537_Slice 29.48613 -94.30953 77.98411
538_Add 71.67058 -94.30953 127.35214
541_Relu 33.24618 0.00000 88.61318
544_Relu 34.49424 0.00000 110.32767
545_Concat 34.49424 0.00000 110.32767
550_Slice 34.49424 0.00000 110.32767
552_BatchNormalization 33.52911 -178.73463 142.87180
554_BatchNormalization 64.93000 -85.67057 94.39753
556_BatchNormalization 30.76457 -81.99879 74.48819
557_Concat 29.51364 -85.67057 94.39753
562_Slice 29.51364 -85.67057 94.39753
564_BatchNormalization 30.76786 -70.29219 53.95783
566_BatchNormalization 18.13824 -36.68523 48.34502
567_Add 59.03780 -86.95409 94.41436
570_Relu 23.79612 0.00000 42.28356
573_Relu 12.25517 0.00000 32.66450
574_Concat 13.22007 0.00000 42.28356
579_Slice 13.22007 0.00000 42.28356
581_BatchNormalization 35.86173 -71.68845 65.94093
583_BatchNormalization 30.25847 -118.90621 120.97479
584_Concat 30.25847 -118.90621 120.97479
589_Slice 30.25847 -118.90621 120.97479
590_Add 83.83622 -134.07246 129.11719
593_Relu 22.29223 0.00000 35.65015
596_Relu 11.16234 0.00000 44.62758
597_Concat 16.74352 0.00000 44.62758
602_Slice 16.74352 0.00000 44.62758
604_BatchNormalization 10.63081 -34.00199 26.59215
605_GlobalAveragePool 4.30388 -8.60356 3.64300
607_Relu 6.09942 0.00000 6.09644
613_relu6_reluHardSigmoid 1.19488 0.00000 1.19429
613_HardSigmoid 1.00049 0.00000 1.00000
614_Mul 9.80904 -26.14467 24.02733
616_BatchNormalization 35.81372 -95.45661 47.54542
618_BatchNormalization 21.40424 -34.75485 38.03341
619_Concat 29.84476 -95.45661 47.54542
624_Slice 29.84476 -95.45661 47.54542
626_BatchNormalization 42.42752 -84.81360 74.50674
628_BatchNormalization 50.85204 -162.64708 69.89074
629_Add 60.93462 -162.41296 69.81175
632_Relu 12.72741 0.00000 25.44239
635_Relu 12.17404 0.00000 194.68950
636_Concat 12.17404 0.00000 194.68950
641_Slice 12.17404 0.00000 194.68950
642_GlobalAveragePool 8.95498 0.00000 8.95061
644_Relu 10.39255 0.00000 10.38747
650_relu6_reluHardSigmoid 1.75147 0.00000 1.75062
650_HardSigmoid 1.00049 0.00000 1.00000
651_Mul 5.75726 0.00000 30.69039
653_BatchNormalization 16.85282 -67.37836 51.03312
655_BatchNormalization 26.75024 -75.54976 85.55898
656_Concat 26.75024 -75.54976 85.55898
661_Slice 26.75024 -75.54976 85.55898
662_Add 60.30636 -112.35192 120.55383
665_Relu 20.27753 0.00000 46.32600
668_Relu 11.56337 0.00000 36.98470
669_Concat 23.17432 0.00000 46.32600
674_Slice 23.17432 0.00000 46.32600
676_BatchNormalization 29.89528 -74.08815 79.68181
678_BatchNormalization 34.85245 -51.47332 61.92965
680_BatchNormalization 20.21908 -46.19246 32.22032
681_Concat 27.10746 -51.47332 61.92965
686_Slice 27.10746 -51.47332 61.92965
688_BatchNormalization 24.95349 -66.51015 36.43501
690_BatchNormalization 32.12754 -47.61232 73.39852
691_Add 36.65814 -56.21619 73.28048
694_Relu 13.38470 0.00000 30.57866
697_Relu 18.15186 0.00000 32.25422
698_Concat 18.15186 0.00000 32.25422
703_Slice 18.15186 0.00000 32.25422
705_BatchNormalization 19.71931 -23.86677 35.03944
707_BatchNormalization 23.09923 -33.14976 36.94072
708_Concat 23.09923 -33.14976 36.94072
713_Slice 23.09923 -33.14976 36.94072
714_Add 40.86162 -57.63375 72.60741
717_Relu 11.12967 0.00000 29.66463
720_Relu 7.14634 0.00000 38.09522
721_Concat 9.52846 0.00000 38.09522
726_Slice 9.52846 0.00000 38.09522
728_BatchNormalization 15.37829 -24.59324 23.37143
730_BatchNormalization 24.44219 -35.53492 32.15115
731_Concat 22.22017 -35.53492 32.15115
736_Slice 22.22017 -35.53492 32.15115
737_Add 37.76560 -50.52695 67.10606
740_Relu 12.18497 0.00000 38.97286
743_Relu 9.33666 0.00000 24.88561
744_Concat 7.31098 0.00000 38.97286
749_Slice 7.31098 0.00000 38.97286
751_BatchNormalization 17.26199 -46.00950 24.13247
753_BatchNormalization 14.82054 -29.62660 28.37138
754_Concat 17.26199 -46.00950 28.37138
759_Slice 17.26199 -46.00950 28.37138
760_Add 37.90417 -51.28227 67.35229
763_Relu 19.85281 0.00000 45.35571
766_Relu 20.91665 0.00000 111.50098
767_Concat 20.91665 0.00000 111.50098
772_Slice 20.91665 0.00000 111.50098
773_GlobalAveragePool 5.72086 0.00000 9.14891
775_Relu 11.79061 0.00000 11.78486
781_relu6_reluHardSigmoid 1.42178 0.00000 3.24820
781_HardSigmoid 1.00049 0.00000 1.00000
782_Mul 9.28239 0.00000 29.68915
784_BatchNormalization 24.75667 -35.86382 43.99036
786_BatchNormalization 15.22107 -41.14275 48.68364
787_Concat 24.35371 -41.14275 48.68364
792_Slice 24.35371 -41.14275 48.68364
794_BatchNormalization 20.30734 -27.92972 32.47588
796_BatchNormalization 23.80862 -36.07781 42.30576
797_Add 30.22323 -46.90315 48.33356
800_Relu 16.93169 0.00000 30.08608
803_Relu 33.48236 0.00000 89.24270
804_Concat 33.48236 0.00000 89.24270
809_Slice 33.48236 0.00000 89.24270
810_GlobalAveragePool 4.46535 0.00000 10.20153
812_Relu 9.31039 0.00000 9.30584
818_relu6_reluHardSigmoid 2.18279 0.00000 2.18172
818_HardSigmoid 1.00049 0.00000 1.00000
819_Mul 3.97595 0.00000 63.58408
821_BatchNormalization 29.34766 -59.55338 93.86666
823_BatchNormalization 26.26793 -43.76802 52.51020
824_Concat 29.34766 -59.55338 93.86666
829_Slice 29.34766 -59.55338 93.86666
830_Add 36.09502 -52.34113 96.20639
833_Relu 14.01726 0.00000 28.02083
836_Relu 8.04631 0.00000 32.16951
837_Concat 10.05788 0.00000 32.16951
842_Slice 10.05788 0.00000 32.16951
844_BatchNormalization 23.21930 -123.77579 95.69573
845_GlobalAveragePool 10.26471 -14.92320 9.07285
847_Relu 16.65259 0.00000 16.64446
853_relu6_reluHardSigmoid 2.00623 0.00000 2.67367
853_HardSigmoid 1.00049 0.00000 1.00000
854_Mul 6.94343 -111.04066 43.29345
856_BatchNormalization 34.39601 -41.99969 50.00613
858_BatchNormalization 14.49624 -25.75850 22.18015
859_Concat 28.14219 -41.99969 50.00613
864_Slice 28.14219 -41.99969 50.00613
866_BatchNormalization 15.12094 -27.89152 48.36338
868_BatchNormalization 18.61948 -33.08514 23.21378
869_Add 27.01520 -42.40937 48.00357
872_Relu 11.21432 0.00000 22.41768
875_Relu 11.12228 0.00000 22.23370
876_Concat 11.21432 0.00000 22.41768
881_Slice 11.21432 0.00000 22.41768
883_BatchNormalization 13.12135 -29.97702 17.00601
885_BatchNormalization 19.13643 -25.50278 22.73422
886_Concat 16.87031 -29.97702 22.73422
891_Slice 16.87031 -29.97702 22.73422
892_Add 27.54804 -55.06918 49.73812
895_Relu 21.05719 0.00000 33.67505
898_Relu 38.75217 0.00000 88.53313
899_Concat 38.75217 0.00000 88.53313
904_Slice 38.75217 0.00000 88.53313
905_GlobalAveragePool 6.85534 0.00000 15.66171
907_Relu 17.33203 0.00000 17.32357
913_relu6_reluHardSigmoid 2.69000 0.00000 2.68869
913_HardSigmoid 1.00049 0.00000 1.00000
914_Mul 7.29346 0.00000 38.87948
916_BatchNormalization 24.05232 -32.26705 34.96811
918_BatchNormalization 20.77774 -47.46878 42.01579
919_Concat 20.77774 -47.46878 42.01579
924_Slice 20.77774 -47.46878 42.01579
925_Add 30.37717 -60.72467 56.70554
928_Relu 9.71286 0.00000 22.18999
931_Relu 4.69196 0.00000 25.01157
932_Concat 6.25595 0.00000 25.01157
937_Slice 6.25595 0.00000 25.01157
939_BatchNormalization 17.88133 -31.77351 28.37265
941_BatchNormalization 23.98272 -33.56979 34.86692
942_Concat 21.80247 -33.56979 34.86692
947_Slice 21.80247 -33.56979 34.86692
948_Add 36.15474 -72.27418 71.78158
951_Relu 26.58832 0.00000 42.52054
954_Relu 38.00115 0.00000 86.81737
955_Concat 38.00115 0.00000 86.81737
960_Slice 38.00115 0.00000 86.81737
961_GlobalAveragePool 6.46251 0.00000 14.76423
963_Relu 15.16601 0.00000 15.15861
969_relu6_reluHardSigmoid 1.98117 0.00000 2.88030
969_HardSigmoid 1.00049 0.00000 1.00000
970_Mul 9.22720 0.00000 49.18772
972_BatchNormalization 36.08649 -62.61235 72.13774
974_BatchNormalization 30.62911 -52.82725 61.22831
975_Concat 36.08649 -62.61235 72.13774
980_Slice 36.08649 -62.61235 72.13774
981_Add 58.93251 -90.83327 104.71774
984_Relu 44.76101 0.00000 89.47831
985_GlobalAveragePool 4.32600 0.00000 9.88317
987_Relu 4.31503 0.00000 4.31293
995_Reshape 4.31503 0.00000 4.31293
output_Gemm 15.87708 -5.49854 18.13638
