# genetated time: 2022-03-04 22:18:19.303510
# sample number: 1000
###
# op_name    threshold    min    max
input 2.6451666 -2.1179039 2.6400003
841_Conv 60.4993439 -148.3402405 184.3564453
248_Add 62.2100945 -145.3402405 187.3564453
251_Clip 6.0117416 0.0000000 6.0000000
254_Div 1.0000000 0.0000000 1.0000000
255_Mul 57.6395340 -0.3750000 184.3564453
258_Relu 20.3457375 0.0000000 44.8954544
265_GlobalAveragePool 6.1640878 0.0000000 6.1520486
271_Reshape 6.1520486 0.0000000 6.1520486
273_Relu 2.6123528 0.0000000 3.2136335
274_Gemm 3.0065613 -1.2428646 3.0065613
276_Add 6.0065613 1.7571354 6.0065613
279_Clip 6.0117416 1.7571354 6.0000000
282_Div 1.0001221 0.2928559 1.0000000
294_Reshape 1.0001221 0.2928559 1.0000000
295_Mul 13.0477104 0.0000000 26.0699368
847_Conv 43.6964607 -99.8288574 63.4470940
300_Relu 25.7138634 0.0000000 68.5368271
303_Relu 25.0365677 0.0000000 61.6209526
856_Conv 28.9991665 -42.5505600 46.3533554
308_Relu 13.3305159 0.0000000 35.5133286
311_Relu 11.9096451 0.0000000 37.1790619
865_Conv 26.5300541 -52.9564743 38.7901649
314_Add 57.6130829 -46.8539238 57.6130829
868_Conv 15.5557346 -26.8738480 41.4414520
318_Add 20.8370171 -23.8738480 44.4414520
321_Clip 6.0117416 0.0000000 6.0000000
324_Div 1.0000000 0.0000000 1.0000000
325_Mul 24.6118717 -0.3750000 41.4414520
871_Conv 7.1232977 -18.9769096 16.6323032
334_GlobalAveragePool 4.1458282 -4.1458282 3.2876813
340_Reshape 4.0172520 -4.1458282 3.2876813
342_Relu 3.2503901 0.0000000 3.2503901
343_Gemm 3.1462677 -3.1458836 3.0855029
345_Add 6.0974116 -0.1458836 6.0855026
348_Clip 6.0117416 0.0000000 6.0000000
351_Div 1.0004885 0.0000000 1.0000000
363_Reshape 1.0004885 0.0000000 1.0000000
364_Mul 2.8645546 -5.7179198 2.7539511
366_Add 4.3239083 -2.7179198 5.7539511
369_Clip 4.3239083 0.0000000 5.7539511
372_Div 0.7195953 0.0000000 0.9589919
373_Mul 0.6615463 -0.3750000 2.6410167
874_Conv 18.4704380 -26.8529739 23.4337044
877_Conv 11.3789206 -26.0026112 21.7841473
379_Add 12.4041872 -23.0026112 24.7841473
382_Clip 6.0117416 0.0000000 6.0000000
385_Div 1.0000000 0.0000000 1.0000000
386_Mul 10.9133892 -0.3750000 21.7841473
880_Conv 18.3537827 -73.2717438 54.7975655
395_GlobalAveragePool 11.7595320 -15.6487522 8.7656784
401_Reshape 11.2482271 -15.6487522 8.7656784
403_Relu 6.9119959 0.0000000 11.9544258
404_Gemm 5.3212695 -7.0915618 5.4680686
406_Add 8.4763470 -4.0915618 8.4680691
409_Clip 6.0117416 0.0000000 6.0000000
412_Div 1.0000000 0.0000000 1.0000000
424_Reshape 1.0000000 0.0000000 1.0000000
425_Mul 14.6763554 -39.5477104 27.2810173
427_Add 14.2781925 -36.5477104 30.2810173
430_Clip 6.0117416 0.0000000 6.0000000
433_Div 1.0000000 0.0000000 1.0000000
434_Mul 10.2403822 -0.3750000 27.2810173
883_Conv 15.9301968 -20.7005386 18.4078979
437_Add 29.8055859 -29.8055859 28.4368515
886_Conv 10.9522505 -21.8831100 18.9664249
441_Add 21.9664249 -18.8831100 21.9664249
444_Clip 6.0117416 0.0000000 6.0000000
447_Div 1.0000000 0.0000000 1.0000000
448_Mul 4.7508855 -0.3750000 18.9664249
889_Conv 25.1818447 -55.3284302 100.5306473
457_GlobalAveragePool 11.2454014 -9.8862553 16.5439491
463_Reshape 9.8878965 -9.8862553 16.5439491
465_Relu 10.0166245 0.0000000 14.5625210
466_Gemm 7.6901989 -5.1882544 7.6751790
468_Add 8.0220528 -2.1882544 10.6751785
471_Clip 6.0117416 0.0000000 6.0000000
474_Div 1.0000000 0.0000000 1.0000000
486_Reshape 1.0000000 0.0000000 1.0000000
487_Mul 11.6584129 -25.0344830 90.4382629
489_Add 8.7619762 -22.0344830 93.4382629
492_Clip 6.0117416 0.0000000 6.0000000
495_Div 1.0000000 0.0000000 1.0000000
496_Mul 8.4806576 -0.3750000 90.4382629
892_Conv 25.1008797 -38.3298607 44.0098152
499_Add 29.3784008 -49.4673309 43.6701546
895_Conv 9.7701931 -19.5213032 17.8226452
503_Add 13.0268755 -16.5213032 20.8226452
506_Clip 6.0117416 0.0000000 6.0000000
509_Div 1.0000000 0.0000000 1.0000000
510_Mul 8.9287615 -0.3750000 17.8226452
898_Conv 12.2185907 -32.5510902 15.8311338
519_GlobalAveragePool 3.4865298 -3.4865298 1.7885265
525_Reshape 3.4865298 -3.4865298 1.7885265
527_Relu 2.3275106 0.0000000 2.3229647
528_Gemm 3.1644733 -3.1582928 0.9816636
530_Add 3.9894557 -0.1582928 3.9816637
533_Clip 3.9894557 0.0000000 3.9816637
536_Div 0.6649093 0.0000000 0.6636106
548_Reshape 0.6649093 0.0000000 0.6636106
549_Mul 2.0303304 -8.1054602 3.3010452
551_Add 4.7304034 -5.1054602 6.3010454
554_Clip 4.5088062 0.0000000 6.0000000
557_Div 0.7507331 0.0000000 1.0000000
558_Mul 1.2391020 -0.3750000 3.3010452
901_Conv 23.8719482 -25.2256718 28.0322571
904_Conv 10.1192303 -13.2161474 13.1751947
564_Add 12.1373215 -10.2161474 16.1751938
567_Clip 6.0117416 0.0000000 6.0000000
570_Div 1.0000000 0.0000000 1.0000000
571_Mul 4.9431114 -0.3750000 13.1751947
907_Conv 13.5227556 -40.3581085 53.9853745
580_GlobalAveragePool 7.4875951 -7.4875951 5.0392337
586_Reshape 7.4875951 -7.4875951 5.0392337
588_Relu 5.0951281 0.0000000 5.0945063
589_Gemm 4.4566684 -4.4479637 2.9953811
591_Add 6.0012422 -1.4479637 5.9953814
594_Clip 6.0071139 0.0000000 5.9953814
597_Div 0.9992303 0.0000000 0.9992303
609_Reshape 0.9992303 0.0000000 0.9992303
610_Mul 7.3022199 -14.0832176 17.9703064
612_Add 8.1925259 -11.0832176 20.9703064
615_Clip 6.0117416 0.0000000 6.0000000
618_Div 1.0000000 0.0000000 1.0000000
619_Mul 6.1788015 -0.3750000 17.9703064
910_Conv 8.5650730 -20.2065907 34.1933784
622_Add 21.2397690 -28.5680618 45.3004456
913_Conv 12.1990709 -17.0415363 24.2082710
626_Add 13.6307583 -14.0415363 27.2082710
629_Clip 6.0117416 0.0000000 6.0000000
632_Div 1.0000000 0.0000000 1.0000000
633_Mul 6.0639114 -0.3750000 24.2082710
916_Conv 7.7843447 -19.5137444 20.7481174
642_GlobalAveragePool 3.3737822 -2.8311493 3.3737822
648_Reshape 2.5352883 -2.8311493 3.3737822
650_Relu 3.9389362 0.0000000 3.9312429
651_Gemm 4.8798909 -4.8703599 3.3845077
653_Add 6.0357232 -1.8703599 6.3845077
656_Clip 6.0117416 0.0000000 6.0000000
659_Div 1.0000000 0.0000000 1.0000000
671_Reshape 1.0000000 0.0000000 1.0000000
672_Mul 2.6337848 -5.2649975 2.7660544
674_Add 4.3330035 -2.2649975 5.7660542
677_Clip 4.3330035 0.0000000 5.7660542
680_Div 0.7433258 0.0000000 0.9610090
681_Mul 0.9449369 -0.3750000 2.6582031
919_Conv 15.1164007 -22.3313179 23.0288925
922_Conv 10.7602339 -17.1105881 21.4994526
687_Add 13.9731970 -14.1105881 24.4994526
690_Clip 6.0117416 0.0000000 6.0000000
693_Div 1.0000000 0.0000000 1.0000000
694_Mul 6.8867536 -0.3750000 21.4994526
925_Conv 23.0802593 -63.5683098 67.1261749
703_GlobalAveragePool 8.2843342 -13.9491568 11.6961250
709_Reshape 6.9882274 -13.9491568 11.6961250
711_Relu 11.1559601 0.0000000 11.1341715
712_Gemm 7.4598455 -8.5510654 9.9270344
714_Add 9.7142487 -5.5510654 12.9270344
717_Clip 6.0117416 0.0000000 6.0000000
720_Div 1.0000000 0.0000000 1.0000000
732_Reshape 1.0000000 0.0000000 1.0000000
733_Mul 7.9047008 -31.5160599 43.9900360
735_Add 5.8766241 -28.5160599 46.9900360
738_Clip 6.0117416 0.0000000 6.0000000
741_Div 1.0000000 0.0000000 1.0000000
742_Mul 4.4680109 -0.3750000 43.9900360
928_Conv 14.3147430 -24.5857105 28.6155071
745_Add 18.1477928 -30.5628395 29.7335281
931_Conv 11.3335533 -18.9777794 21.9788837
749_Add 12.8805227 -15.9777794 24.9788837
752_Clip 6.0117416 0.0000000 6.0000000
755_Div 1.0000000 0.0000000 1.0000000
756_Mul 5.5054736 -0.3750000 21.9788837
934_Conv 19.1736126 -55.7573814 76.6195526
765_GlobalAveragePool 7.0298676 -11.2553053 14.0460052
771_Reshape 7.0247178 -11.2553053 14.0460052
773_Relu 13.7783995 0.0000000 13.7783995
774_Gemm 6.8241105 -7.6811023 9.4920959
776_Add 9.3874073 -4.6811023 12.4920959
779_Clip 6.0117416 0.0000000 6.0000000
782_Div 1.0000000 0.0000000 1.0000000
794_Reshape 1.0000000 0.0000000 1.0000000
795_Mul 4.0547948 -29.1157398 32.4066811
797_Add 8.8689928 -26.1157398 35.4066811
800_Clip 4.5088062 0.0000000 6.0000000
803_Div 0.7507331 0.0000000 1.0000000
804_Mul 3.0382190 -0.3750000 32.4066811
937_Conv 22.0821495 -35.2969360 31.9819012
807_Add 41.6236610 -40.4263687 44.3931503
940_Conv 43.2254982 -58.7846909 86.3665695
811_Add 48.5247345 -55.7846909 89.3665695
814_Clip 6.0117416 0.0000000 6.0000000
817_Div 1.0000000 0.0000000 1.0000000
818_Mul 21.6338959 -0.3750000 86.3665695
819_GlobalAveragePool 6.9042621 -0.2722237 14.0272789
829_Reshape 6.9042621 -0.2722237 14.0272789
830_Gemm 10.8291111 -10.8284502 7.8243923
832_Add 10.8250532 -7.8284502 10.8243923
835_Clip 6.0117416 0.0000000 6.0000000
838_Div 1.0000000 0.0000000 1.0000000
839_Mul 4.4022956 -0.3750000 7.8243923
840_Gemm 28.2391243 -13.4222536 31.7051506
