###
# file: yolact_resnet50_coco_4outputs_calibration_table
# genetated time: 2021-06-21 22:20:39.296742
# histogram number: 204800
# sample number: 12
###
# op_name    threshold    min    max
input1 2.58666 -2.15545 2.58664
357_Relu 3.27358 0.00000 4.80083
358_MaxPool 3.91269 0.00000 4.80083
361_Relu 1.63668 0.00000 1.67649
364_Relu 2.35305 0.00000 2.70270
811_Conv 1.12225 -2.26774 2.37513
814_Conv 1.80124 -4.84364 3.79862
370_Relu 2.49696 0.00000 3.71293
373_Relu 1.81046 0.00000 2.70974
376_Relu 3.72841 0.00000 4.80696
823_Conv 1.22883 -2.87864 2.25445
380_Relu 1.45875 0.00000 3.76450
383_Relu 1.65144 0.00000 2.14124
386_Relu 2.94303 0.00000 3.96032
832_Conv 1.04376 -2.54720 2.61758
390_Relu 1.86104 0.00000 3.82241
393_Relu 1.75647 0.00000 2.93048
396_Relu 1.57856 0.00000 2.54606
841_Conv 0.86319 -2.96641 4.76239
844_Conv 0.98984 -1.94873 2.69803
402_Relu 2.59703 0.00000 4.77612
405_Relu 1.09826 0.00000 1.21859
408_Relu 1.71083 0.00000 1.82853
853_Conv 1.47584 -3.33523 3.06362
412_Relu 1.73480 0.00000 4.76101
415_Relu 1.38766 0.00000 2.17458
418_Relu 1.54568 0.00000 1.62703
862_Conv 1.65231 -2.11320 2.33748
422_Relu 2.53280 0.00000 4.65265
425_Relu 2.13011 0.00000 2.37007
428_Relu 1.68016 0.00000 2.15924
871_Conv 1.38417 -2.81001 4.09366
432_Relu 2.31337 0.00000 6.57438
435_Relu 2.03189 0.00000 2.83683
438_Relu 1.14484 0.00000 2.39443
880_Conv 1.06393 -1.84119 3.44591
883_Conv 0.78016 -1.67508 1.77814
444_Relu 1.64075 0.00000 3.85491
447_Relu 1.25632 0.00000 2.39582
450_Relu 0.98921 0.00000 1.79245
892_Conv 1.09611 -1.90626 1.51974
454_Relu 1.90027 0.00000 3.64559
457_Relu 1.43816 0.00000 2.31261
460_Relu 1.38994 0.00000 1.38994
901_Conv 0.90246 -1.29849 1.28956
464_Relu 1.82614 0.00000 3.81936
467_Relu 1.03231 0.00000 2.55679
470_Relu 1.38482 0.00000 1.42949
910_Conv 0.97504 -1.58221 1.34247
474_Relu 1.81360 0.00000 3.72976
477_Relu 1.07434 0.00000 2.54657
480_Relu 1.20669 0.00000 2.01114
919_Conv 1.04620 -2.17513 2.27742
484_Relu 1.63588 0.00000 4.73309
487_Relu 1.26501 0.00000 2.14407
490_Relu 1.53130 0.00000 1.53129
928_Conv 1.34620 -2.40888 2.52807
494_Relu 2.10066 0.00000 5.37767
497_Relu 1.49846 0.00000 1.57009
500_Relu 1.02576 0.00000 1.02575
937_Conv 1.21005 -1.20413 1.31885
940_Conv 0.98221 -1.69895 1.39095
506_Relu 1.55678 0.00000 2.26029
509_Relu 1.49807 0.00000 1.58525
512_Relu 1.13861 0.00000 1.23845
949_Conv 1.02276 -1.45431 2.36476
516_Relu 1.67287 0.00000 3.04503
519_Relu 1.03970 0.00000 1.83813
522_Relu 1.04731 0.00000 1.26467
958_Conv 1.38081 -2.28704 2.07955
526_Relu 2.39423 0.00000 4.84904
527_Conv 2.17722 -2.17721 2.03234
548_Resize 1.96075 -1.96074 1.93978
549_Conv 1.07306 -1.47473 1.58385
550_Add 2.31102 -2.21226 2.46837
569_Resize 1.93600 -2.09620 2.41621
570_Conv 1.35715 -2.46193 1.91902
571_Add 1.99042 -2.64428 3.02437
573_Relu 5.56098 0.00000 5.56095
575_Relu 3.32541 0.00000 5.30471
577_Relu 8.45826 0.00000 9.90714
578_Conv 3.97350 -2.24435 3.97348
579_Conv 4.27353 -2.48432 4.27351
581_Relu 5.88537 0.00000 9.21384
583_Relu 4.02377 0.00000 4.85887
585_Relu 2.75231 0.00000 3.51170
590_Resize_pad_edge 2.75231 0.00000 3.51170
591_Relu 1.92168 0.00000 2.81564
593_Relu 4.11454 0.00000 4.78086
595_Relu 16.56540 0.00000 21.06877
596_Transpose 16.56540 0.00000 21.06877
598_Relu 5.72611 0.00000 7.00439
599_Conv 12.34729 -12.34723 8.12520
600_Transpose 12.34729 -12.34723 8.12520
610_Reshape 12.34729 -12.34723 8.12520
611_Conv 17.28938 -8.86957 18.13959
612_Transpose 17.28938 -8.86957 18.13959
622_Reshape 17.28938 -8.86957 18.13959
623_Conv 5.92336 -5.99830 5.59830
624_Transpose 5.92336 -5.99830 5.59830
634_Reshape 5.92336 -5.99830 5.59830
635_Tanh 0.99999 -0.99999 0.99997
637_Relu 4.56015 0.00000 5.54002
638_Conv 7.99297 -7.20290 7.99293
639_Transpose 7.99297 -7.20290 7.99293
649_Reshape 7.99297 -7.20290 7.99293
650_Conv 14.21307 -6.75762 14.21300
651_Transpose 14.21307 -6.75762 14.21300
661_Reshape 14.21307 -6.75762 14.21300
662_Conv 4.64707 -3.18162 4.69992
663_Transpose 4.64707 -3.18162 4.69992
673_Reshape 4.64707 -3.18162 4.69992
674_Tanh 0.99984 -0.99656 0.99983
676_Relu 4.52516 0.00000 4.52514
677_Conv 8.68430 -6.23884 8.68426
678_Transpose 8.68430 -6.23884 8.68426
688_Reshape 8.68430 -6.23884 8.68426
689_Conv 14.35738 -5.88008 14.95553
690_Transpose 14.35738 -5.88008 14.95553
700_Reshape 14.35738 -5.88008 14.95553
701_Conv 4.79962 -2.96731 4.79960
702_Transpose 4.79962 -2.96731 4.79960
712_Reshape 4.79962 -2.96731 4.79960
713_Tanh 0.99987 -0.99472 0.99986
715_Relu 4.91150 0.00000 4.91148
716_Conv 6.26677 -5.91943 6.26674
717_Transpose 6.26677 -5.91943 6.26674
727_Reshape 6.26677 -5.91943 6.26674
728_Conv 17.41096 -8.38837 17.41088
729_Transpose 17.41096 -8.38837 17.41088
739_Reshape 17.41096 -8.38837 17.41088
740_Conv 4.78545 -3.14323 4.78542
741_Transpose 4.78545 -3.14323 4.78542
751_Reshape 4.78545 -3.14323 4.78542
752_Tanh 0.99987 -0.99628 0.99986
754_Relu 4.78341 0.00000 4.78339
755_Conv 3.49738 -3.49736 3.14570
756_Transpose 3.49738 -3.49736 3.14570
766_Reshape 3.49738 -3.49736 3.14570
767_Conv 20.38032 -6.20157 20.38022
768_Transpose 20.38032 -6.20157 20.38022
778_Reshape 20.38032 -6.20157 20.38022
779_Conv 3.74104 -3.74102 3.27293
780_Transpose 3.74104 -3.74102 3.27293
790_Reshape 3.74104 -3.74102 3.27293
791_Tanh 0.99888 -0.99887 0.99713
792_Concat 12.34729 -12.34723 8.68426
793_Concat 18.15122 -8.86957 20.38022
794_Concat 0.99999 -0.99999 0.99997
801_Softmax 0.00437 0.00000 0.99906
