###
# file: /home/arvin/Documents/tpu_compiler/regression/data/cali_tables/yolov5_calibration_table
# genetated time: 2021-02-19 16:40:08.688275
# histogram number: 2048
# sample number: 1000
###
# op_name    threshold    min    max
images 1.00049 0.00000 1.00000
131_Slice 1.50049 0.00000 1.00000
136_Slice 1.50049 0.00000 1.00000
141_shift_Slice 1.00049 0.00000 1.00000
141_Slice 1.50049 0.00000 1.00000
146_Slice 1.50049 0.00000 1.00000
151_Slice 0.50049 0.00000 1.00000
156_shift_Slice 1.00049 0.00000 1.00000
156_Slice 1.50049 0.00000 1.00000
161_shift_Slice 1.00049 0.00000 1.00000
161_Slice 0.50049 0.00000 1.00000
166_shift_Slice 1.00049 0.00000 1.00000
166_Slice 1.50049 0.00000 1.00000
167_Concat 1.00049 0.00000 1.00000
168_Conv 32.40127 -56.77481 54.56532
169_Sigmoid 1.00049 0.00000 1.00000
170_Mul 36.53198 -0.27846 54.56532
171_Conv 50.57705 -170.22505 145.13792
172_Sigmoid 1.00049 0.00000 1.00000
173_Mul 46.87776 -0.27846 145.13792
174_Conv 27.20392 -68.78210 5.79418
175_Sigmoid 0.99745 0.00000 0.99696
176_Mul 4.11213 -0.27846 5.77658
177_Conv 14.27195 -29.80225 14.97738
178_Sigmoid 1.00049 0.00000 1.00000
179_Mul 9.67506 -0.27846 14.97737
180_Conv 13.49628 -30.20086 19.78408
181_Sigmoid 1.00049 0.00000 1.00000
182_Mul 10.42265 -0.27846 19.78408
183_Add 12.96510 -0.55693 19.93442
184_Conv 30.92903 -111.66156 36.72919
185_Sigmoid 1.00049 0.00000 1.00000
186_Mul 10.68678 -0.27846 36.72919
187_Concat 9.18678 -0.55693 36.72919
188_Conv 9.77907 -28.05273 13.40584
189_Sigmoid 1.00049 0.00000 1.00000
190_Mul 6.35309 -0.27846 13.40582
191_Conv 6.71249 -16.47764 8.32961
192_Sigmoid 1.00025 0.00000 0.99976
193_Mul 4.60365 -0.27846 8.32760
194_Conv 4.05971 -6.62907 3.60673
195_Sigmoid 0.91317 0.00000 0.97358
196_Mul 1.91528 -0.27846 3.51143
197_Conv 5.11339 -9.77664 9.01016
198_Sigmoid 1.00037 0.00000 0.99988
199_Mul 5.50673 -0.27846 9.00906
200_Conv 5.28106 -10.04479 4.84837
201_Sigmoid 0.99270 0.00000 0.99222
202_Mul 2.60569 -0.27846 4.81065
203_Add 2.46844 -0.55693 5.27465
204_Conv 6.13739 -11.41425 9.63908
205_Sigmoid 1.00042 0.00000 0.99993
206_Mul 3.91079 -0.27846 9.63845
207_Conv 5.98587 -12.96540 12.45010
208_Sigmoid 1.00048 0.00000 1.00000
209_Mul 5.67105 -0.27846 12.45005
210_Add 4.46543 -0.83539 11.92503
211_Conv 7.10099 -14.39473 8.30514
212_Sigmoid 1.00024 0.00000 0.99975
213_Mul 4.13438 -0.27846 8.30309
214_Conv 7.83015 -13.37505 14.92096
215_Sigmoid 1.00049 0.00000 1.00000
216_Mul 5.79905 -0.27846 14.92095
217_Add 6.48836 -1.11379 15.96892
218_Conv 7.50001 -15.19260 13.05390
219_Sigmoid 1.00049 0.00000 1.00000
220_Mul 6.58133 -0.27846 13.05387
221_Concat 5.99127 -1.11379 15.96892
222_Conv 5.09361 -10.54463 10.14709
223_Sigmoid 1.00045 0.00000 0.99996
224_Mul 4.40343 -0.27846 10.14670
225_Conv 6.06695 -12.55733 12.31452
226_Sigmoid 1.00048 0.00000 1.00000
227_Mul 5.58012 -0.27846 12.31446
228_Conv 4.52935 -10.05378 8.05556
229_Sigmoid 0.93766 0.00000 0.99968
230_Mul 2.01068 -0.27846 8.05300
231_Conv 8.07150 -14.28493 21.51348
232_Sigmoid 1.00049 0.00000 1.00000
233_Mul 4.03575 -0.27846 21.51348
234_Conv 5.28946 -7.69001 6.58629
235_Sigmoid 0.99911 0.00000 0.99862
236_Mul 1.64511 -0.27846 6.57722
237_Add 3.09653 -0.55693 8.25337
238_Conv 7.00919 -13.53936 16.01317
239_Sigmoid 1.00049 0.00000 1.00000
240_Mul 2.00262 -0.27846 16.01317
241_Conv 5.93973 -8.94979 9.49892
242_Sigmoid 1.00041 0.00000 0.99993
243_Mul 4.15750 -0.27846 9.49821
244_Add 4.64814 -0.83539 10.61914
245_Conv 7.13497 -11.41038 10.44452
246_Sigmoid 1.00046 0.00000 0.99997
247_Mul 2.61233 -0.27846 10.44421
248_Conv 8.12955 -16.25116 13.86873
249_Sigmoid 1.00049 0.00000 1.00000
250_Mul 5.20331 -0.27846 13.86871
251_Add 6.98717 -1.11382 15.96288
252_Conv 9.17981 -16.64283 18.35066
253_Sigmoid 1.00049 0.00000 1.00000
254_Mul 4.58991 -0.27846 18.35066
255_Concat 4.58991 -1.11382 18.35066
256_Conv 7.85504 -11.65709 13.95769
257_Sigmoid 1.00049 0.00000 1.00000
258_Mul 2.61834 -0.27846 13.95768
259_Conv 7.84230 -12.54155 11.32555
260_Sigmoid 1.00048 0.00000 0.99999
261_Mul 2.12455 -0.27846 11.32541
262_Conv 6.24532 -6.53694 9.07967
263_Sigmoid 1.00037 0.00000 0.99989
264_Mul 4.54153 -0.27846 9.07863
265_MaxPool 7.37999 -0.27831 9.07863
266_MaxPool 9.08307 -0.27662 9.07863
267_MaxPool 9.08307 -0.27020 9.07863
268_Concat 9.08307 -0.27846 9.07863
269_Conv 7.39827 -8.18514 11.83145
270_Sigmoid 1.00048 0.00000 0.99999
271_Mul 5.17875 -0.27846 11.83136
272_Conv 8.89484 -10.09705 15.80534
273_Sigmoid 1.00049 0.00000 1.00000
274_Mul 1.97663 -0.27846 15.80533
275_Conv 7.86012 -12.42671 13.96672
276_Sigmoid 1.00049 0.00000 1.00000
277_Mul 5.24007 -0.27846 13.96671
278_Conv 8.39155 -13.41993 12.43422
279_Sigmoid 1.00048 0.00000 1.00000
280_Mul 4.66509 -0.27846 12.43417
281_Conv 7.78957 -9.49886 15.57153
282_Sigmoid 1.00049 0.00000 1.00000
283_Mul 1.94739 -0.27846 15.57152
284_Concat 1.94739 -0.27846 15.57152
285_Conv 8.66871 -12.94141 13.86317
286_Sigmoid 1.00049 0.00000 1.00000
287_Mul 2.60061 -0.27846 13.86315
288_Conv 7.48091 -8.75854 10.87601
289_Sigmoid 1.00047 0.00000 0.99998
290_Mul 4.08042 -0.27846 10.87580
295_Resize 4.08042 -0.27846 10.87580
296_Concat 2.61834 -0.27846 13.95768
297_Conv 6.18957 -8.99862 8.09535
298_Sigmoid 1.00018 0.00000 0.99970
299_Mul 2.02421 -0.27846 8.09288
300_Conv 6.51712 -11.64328 13.02787
301_Sigmoid 1.00049 0.00000 1.00000
302_Mul 4.07319 -0.27846 13.02784
303_Conv 6.47178 -12.93725 9.58015
304_Sigmoid 1.00042 0.00000 0.99993
305_Mul 2.39604 -0.27846 9.57949
306_Conv 6.01915 -10.69548 8.16206
307_Sigmoid 1.00020 0.00000 0.99971
308_Mul 3.06139 -0.27846 8.15973
309_Concat 2.39604 -0.27846 9.57949
310_Conv 7.32553 -16.73590 12.95487
311_Sigmoid 1.00049 0.00000 1.00000
312_Mul 4.05036 -0.27846 12.95484
313_Conv 6.13155 -12.25712 8.86156
314_Sigmoid 1.00035 0.00000 0.99986
315_Mul 2.77020 -0.27846 8.86031
320_Resize 2.77020 -0.27846 8.86031
321_Concat 1.90343 -0.27846 10.14670
322_Conv 4.55520 -6.62252 3.65488
323_Sigmoid 0.97526 0.00000 0.97479
324_Mul 1.55946 -0.27846 3.56273
325_Conv 4.94268 -7.90443 6.48777
326_Sigmoid 0.99897 0.00000 0.99848
327_Mul 3.64560 -0.27846 6.47791
328_Conv 8.55393 -17.09951 13.61340
329_Sigmoid 1.00049 0.00000 1.00000
330_Mul 9.36377 -0.27846 13.61338
331_Conv 7.25942 -11.60940 7.63981
332_Sigmoid 1.00001 0.00000 0.99952
333_Mul 5.25241 -0.27846 7.63614
334_Concat 9.36377 -0.27846 13.61338
335_Conv 18.87456 -37.73068 32.51427
336_Sigmoid 1.00049 0.00000 1.00000
337_Mul 12.19881 -0.27846 32.51427
338_Conv 6.76842 -10.09417 10.82419
339_Sigmoid 1.00047 0.00000 0.99998
340_Mul 4.06097 -0.27846 10.82397
341_Concat 4.06097 -0.27846 10.82397
342_Conv 6.63959 -13.27269 10.15689
343_Sigmoid 1.00045 0.00000 0.99996
344_Mul 1.90527 -0.27846 10.15650
345_Conv 6.64067 -13.27486 8.60220
346_Sigmoid 1.00030 0.00000 0.99982
347_Mul 2.15121 -0.27846 8.60062
348_Conv 10.36880 -23.68855 12.89313
349_Sigmoid 1.00049 0.00000 1.00000
350_Mul 4.03106 -0.27846 12.89310
351_Conv 5.67093 -15.11509 9.41707
352_Sigmoid 1.00041 0.00000 0.99992
353_Mul 4.12164 -0.27846 9.41630
354_Concat 4.03106 -0.27846 12.89310
355_Conv 17.27492 -30.01958 30.69597
356_Sigmoid 1.00049 0.00000 1.00000
357_Mul 7.67774 -0.27846 30.69597
358_Conv 8.27174 -11.94728 14.69813
359_Sigmoid 1.00049 0.00000 1.00000
360_Mul 4.59541 -0.27846 14.69812
361_Concat 3.67633 -0.27846 14.69812
362_Conv 9.00462 -13.14088 14.40035
363_Sigmoid 1.00049 0.00000 1.00000
364_Mul 3.60185 -0.27846 14.40035
365_Conv 9.04072 -16.06455 11.07369
366_Sigmoid 1.00047 0.00000 0.99998
367_Mul 2.76973 -0.27846 11.07352
368_Conv 10.59884 -24.21409 19.45021
369_Sigmoid 1.00049 0.00000 1.00000
370_Mul 3.64870 -0.27846 19.45021
371_Conv 7.66485 -11.11950 12.25777
372_Sigmoid 1.00048 0.00000 1.00000
373_Mul 4.59889 -0.27846 12.25771
374_Concat 3.64870 -0.27846 19.45021
375_Conv 14.16527 -32.36195 22.66375
376_Sigmoid 1.00049 0.00000 1.00000
377_Mul 18.42330 -0.27846 22.66375
378_Conv 17.68633 -18.85620 9.06742
396_Reshape 17.68633 -18.85620 9.06742
output_Transpose_to_four_dim 17.68633 -18.85620 9.06742
output_Transpose 17.68633 -18.85620 9.06742
output_Transpose_back_dim 17.68633 -18.85620 9.06742
398_Conv 14.97639 -15.96701 8.11666
416_Reshape 14.97639 -15.96701 8.11666
417_Transpose_to_four_dim 14.97639 -15.96701 8.11666
417_Transpose 14.97639 -15.96701 8.11666
417_Transpose_back_dim 14.97639 -15.96701 8.11666
418_Conv 13.61946 -14.52034 7.32423
436_Reshape 13.61946 -14.52034 7.32423
437_Transpose_to_four_dim 13.61946 -14.52034 7.32423
437_Transpose 13.61946 -14.52034 7.32423
437_Transpose_back_dim 13.61946 -14.52034 7.32423
