# genetated time: 2022-03-10 19:22:46.001640
# sample number: 1000
###
# op_name    threshold    min    max
input 1.0019569 0.0000000 1.0000000
708_Conv 8.3905096 -33.5292625 33.4293060
405_LeakyRelu 8.3736811 -3.3529263 33.4293060
711_Conv 6.0270977 -35.0624695 24.1864510
408_LeakyRelu 6.0584455 -3.5062470 24.1864510
714_Conv 7.8902559 -38.8395958 32.9316826
411_LeakyRelu 8.2369423 -3.8839595 32.9316826
717_Conv 14.4161520 -70.9631577 58.7218666
414_LeakyRelu 14.7091951 -7.0963159 58.7218666
415_Add 16.3770561 -7.1882133 58.2153168
720_Conv 9.1525383 -36.6012154 23.5412216
418_LeakyRelu 23.5412216 -3.6601217 23.5412216
723_Conv 6.7082253 -21.4558392 15.9242249
421_LeakyRelu 6.8426495 -2.1455839 15.9242249
726_Conv 4.8553629 -9.6917591 8.7659693
424_LeakyRelu 4.3915620 -0.9691759 8.7659693
729_Conv 5.2519450 -21.0026512 14.3020735
427_LeakyRelu 5.0282264 -2.1002653 14.3020735
732_Conv 6.0006332 -23.9556522 21.3828983
430_LeakyRelu 8.0264254 -2.3955653 21.3828983
431_Add 9.6449900 -2.4926438 21.4699306
735_Conv 6.5575905 -14.9173307 25.8260307
434_LeakyRelu 6.5575905 -1.4917331 25.8260307
435_Concat 7.2653451 -2.1455839 25.8260307
738_Conv 8.0244455 -20.4606190 31.1232224
438_LeakyRelu 7.7960324 -2.0460620 31.1232224
741_Conv 4.6177197 -14.6546021 18.4348030
441_LeakyRelu 7.2015343 -1.4654602 18.4348030
744_Conv 4.5471530 -13.1214638 14.5437851
444_LeakyRelu 4.8861012 -1.3121464 14.5437851
747_Conv 3.1116769 -5.6117959 6.2111988
447_LeakyRelu 2.7177312 -0.5611796 6.2111988
750_Conv 4.5177073 -10.1026831 18.0355339
450_LeakyRelu 4.6500697 -1.0102683 18.0355339
753_Conv 9.2489462 -19.0940151 18.4257221
453_LeakyRelu 9.2851200 -1.9094015 18.4257221
454_Add 8.0765553 -1.9301116 19.8758965
756_Conv 4.8036952 -16.1896038 19.1772518
457_LeakyRelu 4.8036952 -1.6189604 19.1772518
458_Concat 7.1923470 -1.6189604 19.1772518
759_Conv 7.2664776 -17.2437534 29.0091419
461_LeakyRelu 7.2664776 -1.7243754 29.0091419
762_Conv 5.1818061 -19.2931232 20.6867409
464_LeakyRelu 5.1818061 -1.9293123 20.6867409
765_Conv 5.0797033 -14.9204388 15.4791107
467_LeakyRelu 4.4747038 -1.4920439 15.4791107
768_Conv 3.0307839 -11.2424240 12.0994577
470_LeakyRelu 3.0307839 -1.1242424 12.0994577
771_Conv 7.7094359 -12.8854809 30.7775135
473_LeakyRelu 7.7094359 -1.2885481 30.7775135
774_Conv 9.2373085 -13.8325157 18.4701061
476_LeakyRelu 6.9330606 -1.3832515 18.4701061
477_Add 6.9229102 -1.6085293 20.1344585
777_Conv 4.9938455 -18.6440716 19.9363670
480_LeakyRelu 4.9938455 -1.8644072 19.9363670
481_Concat 6.2316360 -1.8644072 19.9363670
780_Conv 5.4805870 -13.3137579 21.8795319
484_LeakyRelu 5.4805870 -1.3313758 21.8795319
783_Conv 4.2379413 -10.3418350 16.9186554
487_LeakyRelu 4.2379413 -1.0341835 16.9186554
786_Conv 6.8066177 -9.7043829 13.5999413
490_LeakyRelu 3.8259175 -0.9704383 13.5999413
789_Conv 3.2495244 -8.2255135 12.9727106
493_LeakyRelu 3.2495244 -0.8225514 12.9727106
792_Conv 5.2015119 -14.8458405 20.7654114
496_LeakyRelu 5.2015119 -1.4845841 20.7654114
795_Conv 7.9574599 -13.7403851 15.8838358
499_LeakyRelu 6.2050023 -1.3740386 15.8838358
500_Add 5.7470002 -1.8667002 17.9407597
798_Conv 6.1272793 -11.9816647 16.3234539
503_LeakyRelu 4.0888495 -1.1981665 16.3234539
504_Concat 4.4635806 -1.1981665 16.3234539
801_Conv 5.6844902 -11.3467751 9.9451122
507_LeakyRelu 3.8849280 -1.1346775 9.9451122
804_Conv 4.2126322 -9.0539780 16.8176174
510_LeakyRelu 4.2126322 -0.9053978 16.8176174
807_Conv 5.5736837 -8.2197313 8.9091854
513_LeakyRelu 4.8725080 -0.8219731 8.9091854
514_MaxPool 6.1280575 -0.2731759 8.9091854
515_MaxPool 6.9607258 -0.1742216 8.9091854
516_MaxPool 7.3788204 -0.0878729 8.9091854
517_Concat 6.9953160 -0.8219731 8.9091854
810_Conv 6.4354634 -7.5582924 8.5785227
520_LeakyRelu 3.5521531 -0.7558293 8.5785227
813_Conv 6.4880586 -12.5342827 12.9507732
523_LeakyRelu 4.8589125 -1.2534283 12.9507732
524_Concat 4.6644034 -1.2534283 16.8176174
816_Conv 7.5995378 -13.7615128 15.1916542
527_LeakyRelu 4.5695043 -1.3761513 15.1916542
819_Conv 7.2595863 -11.3379536 14.4908152
530_LeakyRelu 6.0002866 -1.1337954 14.4908152
535_Resize 5.4367104 -1.1337954 14.4908152
822_Conv 4.7485514 -14.4195976 18.9571075
538_LeakyRelu 4.7485514 -1.4419597 18.9571075
539_Concat 5.9269900 -1.4419597 18.9571075
825_Conv 6.5401301 -11.2351389 13.0674868
542_LeakyRelu 4.5941787 -1.1235139 13.0674868
828_Conv 3.7730505 -11.6039400 15.0627251
545_LeakyRelu 3.8834772 -1.1603941 15.0627251
831_Conv 5.7984037 -11.4369917 11.5854826
548_LeakyRelu 4.3488026 -1.1436992 11.5854826
834_Conv 8.0211658 -15.0612612 16.0384159
551_LeakyRelu 4.0174503 -1.5061262 16.0384159
552_Concat 4.1976824 -1.5061262 16.0384159
837_Conv 7.3221254 -12.4846306 14.6424637
555_LeakyRelu 4.6331086 -1.2484630 14.6424637
840_Conv 6.9184499 -8.8322477 13.8301439
558_LeakyRelu 5.6198678 -0.8832248 13.8301439
563_Resize 5.6198678 -0.8832248 13.8301439
843_Conv 6.2303343 -16.8309307 24.8726635
566_LeakyRelu 6.2303343 -1.6830931 24.8726635
567_Concat 6.0240321 -1.6830931 24.8726635
846_Conv 6.7102437 -13.4073811 11.7668619
570_LeakyRelu 4.7808709 -1.3407382 11.7668619
849_Conv 5.1529527 -10.2958412 9.8680334
573_LeakyRelu 3.5465412 -1.0295842 9.8680334
852_Conv 6.2475629 -12.4890242 10.7777233
576_LeakyRelu 3.8734808 -1.2489024 10.7777233
855_Conv 7.0600405 -18.8083897 13.9598570
579_LeakyRelu 3.4967940 -1.8808390 13.9598570
580_Concat 4.4171209 -1.8808390 13.9598570
858_Conv 4.4519801 -17.7731400 15.2204638
583_LeakyRelu 4.7587185 -1.7773141 15.2204638
861_Conv 6.3183641 -16.8325157 14.2027817
586_LeakyRelu 3.5576439 -1.6832516 14.2027817
587_Concat 4.6903076 -1.6832516 14.6424637
864_Conv 4.4877443 -17.9159164 15.6696291
590_LeakyRelu 5.2641764 -1.7915916 15.6696291
867_Conv 5.0507817 -13.4555979 9.7231131
593_LeakyRelu 3.3044400 -1.3455598 9.7231131
870_Conv 6.9014821 -12.8433752 13.7962246
596_LeakyRelu 4.0960040 -1.2843375 13.7962246
873_Conv 8.8117008 -16.9495373 17.6147957
599_LeakyRelu 4.4123168 -1.6949538 17.6147957
600_Concat 4.4123168 -1.6949538 17.6147957
876_Conv 5.3265481 -21.2645779 16.4237728
603_LeakyRelu 4.8117990 -2.1264579 16.4237728
879_Conv 4.0586138 -15.2434111 16.2027473
606_LeakyRelu 4.0586138 -1.5243411 16.2027473
607_Concat 4.1775260 -1.5243411 16.2027473
882_Conv 7.2478657 -13.2314272 14.4886532
610_LeakyRelu 4.6976366 -1.3231428 14.4886532
885_Conv 4.6891847 -12.4922810 12.1372671
613_LeakyRelu 3.3662977 -1.2492281 12.1372671
888_Conv 4.7580533 -18.9950409 12.4776011
616_LeakyRelu 4.4355326 -1.8995041 12.4776011
891_Conv 7.5000896 -14.7783651 14.9708824
619_LeakyRelu 3.7500448 -1.4778365 14.9708824
620_Concat 4.4446163 -1.4778365 14.9708824
894_Conv 8.2119951 -16.4159698 14.2484798
623_LeakyRelu 4.5642447 -1.6415970 14.2484798
897_Conv 11.7016077 -46.7150116 46.1490746
626_LeakyRelu 12.9825964 -4.6715012 46.1490746
627_Conv 21.6670170 -43.2493973 12.9063139
650_Reshape 21.6670170 -43.2493973 12.9063139
651_Transpose 21.6670170 -43.2493973 12.9063139
900_Conv 9.1287212 -36.4435654 30.5673618
654_LeakyRelu 10.6272583 -3.6443565 30.5673618
655_Conv 25.5063820 -40.8002472 14.1799278
678_Reshape 25.5250816 -40.8002472 14.1799278
679_Transpose 25.5250816 -40.8002472 14.1799278
903_Conv 9.4858780 -21.9445477 25.2709713
682_LeakyRelu 7.8974195 -2.1944549 25.2709713
683_Conv 26.0421085 -36.2236519 18.1126060
706_Reshape 26.0421085 -36.2236519 18.1126060
707_Transpose 26.0421085 -36.2236519 18.1126060
