# genetated time: 2022-01-19 14:34:48.162029
# sample number: 1000
###
# op_name    threshold    min    max
images 1.0019569 0.0000000 1.0000000
131_Slice 1.0000000 0.0000000 1.0000000
136_Slice 1.0000000 0.0000000 1.0000000
141_Slice 1.0000000 0.0000000 1.0000000
146_Slice 1.0000000 0.0000000 1.0000000
151_Slice 1.0000000 0.0000000 1.0000000
156_Slice 1.0000000 0.0000000 1.0000000
161_Slice 1.0000000 0.0000000 1.0000000
166_Slice 1.0000000 0.0000000 1.0000000
167_Concat 1.0000000 0.0000000 1.0000000
168_Conv 21.3674545 -68.3424683 63.3882980
170_Mul 63.3882980 -0.2784646 63.3882980
171_Conv 46.5720634 -136.9077911 143.6395721
173_Mul 40.4084969 -0.2784646 143.6395721
174_Conv 17.3391228 -69.2210312 5.9916029
176_Mul 5.9766631 -0.2784646 5.9766631
177_Conv 34.2563324 -34.2563324 17.2060108
179_Mul 17.2060108 -0.2784646 17.2060108
180_Conv 11.5742636 -25.1087341 20.8421974
182_Mul 20.8421974 -0.2784646 20.8421974
183_Add 7.6532278 -0.5569291 20.8421974
184_Conv 25.4399223 -101.5609436 29.9390907
186_Mul 7.4866004 -0.2784646 29.9390907
187_Concat 9.1226234 -0.5569291 29.9390907
188_Conv 9.0204535 -28.8619289 15.2907295
190_Mul 5.2574706 -0.2784646 15.2907257
191_Conv 5.5629783 -17.7993584 9.7501440
193_Mul 3.5801408 -0.2784646 9.7495756
194_Conv 4.7280726 -6.7235494 3.7881911
196_Mul 1.7945077 -0.2784646 3.7043378
197_Conv 4.7408514 -17.8457336 10.1880922
199_Mul 3.9796953 -0.2784646 10.1877089
200_Conv 5.1869850 -10.3537083 5.5821271
202_Mul 1.9987974 -0.2784646 5.5611920
203_Add 2.6565874 -0.5569291 7.5560541
204_Conv 4.9340725 -13.4002018 17.5428333
206_Mul 3.9747906 -0.2784646 17.5428333
207_Conv 5.3858929 -12.3076067 11.7470026
209_Mul 3.6727026 -0.2784646 11.7469101
210_Add 4.2200222 -0.8353850 11.2530489
211_Conv 5.5814800 -14.8694124 9.5225325
213_Mul 4.1678381 -0.2784646 9.5218353
214_Conv 8.0192156 -15.0913086 14.9635820
216_Mul 5.1449857 -0.2784646 14.9635763
217_Add 7.8737192 -1.1137139 16.2549248
218_Conv 16.8980999 -16.8980999 14.3276529
220_Mul 4.0306339 -0.2784646 14.3276443
221_Concat 5.9687872 -1.1137139 16.2549248
222_Conv 5.0666466 -11.3712540 12.5924463
224_Mul 3.1542614 -0.2784646 12.5924025
225_Conv 7.0573969 -14.0872259 11.9522247
227_Mul 5.2316189 -0.2784646 11.9521475
228_Conv 4.1139379 -10.9597874 7.2069607
230_Mul 1.8012849 -0.2784646 7.2016215
231_Conv 6.8899164 -16.8671303 22.0423508
233_Mul 5.5159745 -0.2784646 22.0423508
234_Conv 4.9496074 -7.5186415 7.9116383
236_Mul 2.1008873 -0.2784646 7.9087400
237_Add 2.3156762 -0.5569291 8.2315054
238_Conv 7.2728376 -12.4011173 19.3752937
240_Mul 4.8533025 -0.2784646 19.3752937
241_Conv 5.3137069 -10.2632284 10.6066570
243_Mul 10.6063938 -0.2784646 10.6063938
244_Add 5.9268932 -0.8353930 13.5405703
245_Conv 6.6190381 -12.1527538 13.2251482
247_Mul 3.3127513 -0.2784646 13.2251244
248_Conv 8.0045729 -21.3246822 16.9603672
250_Mul 6.3663549 -0.2784646 16.9603672
251_Add 6.8663769 -1.1136826 18.2924576
252_Conv 7.5729637 -19.2830620 20.1748486
254_Mul 5.0535822 -0.2784646 20.1748486
255_Concat 7.5729637 -1.1136826 20.1748486
256_Conv 7.9489689 -13.0228052 15.8901749
258_Mul 3.9803174 -0.2784646 15.8901730
259_Conv 6.2314649 -12.4385881 12.2082586
261_Mul 4.5791922 -0.2784646 12.2081976
262_Conv 5.4210305 -7.1083589 10.8208847
264_Mul 6.0024562 -0.2784646 10.8206682
265_MaxPool 7.4410262 -0.2783748 10.8206682
266_MaxPool 7.6092110 -0.2734760 10.8206682
267_MaxPool 7.8623719 -0.2639660 10.8206682
268_Concat 8.9188700 -0.2784646 10.8206682
269_Conv 8.1831741 -8.8765736 11.3825054
271_Mul 3.2458544 -0.2784646 11.3823748
272_Conv 9.3280449 -12.1073608 18.6196518
274_Mul 5.9644713 -0.2784646 18.6196518
275_Conv 7.7303190 -15.1923923 15.4304419
277_Mul 7.2347841 -0.2784646 15.4304380
278_Conv 8.8241034 -17.6137371 13.1427784
280_Mul 3.2889001 -0.2784646 13.1427536
281_Conv 7.5362649 -14.2079411 15.0430908
283_Mul 3.7681315 -0.2784646 15.0430870
284_Concat 4.4661889 -0.2784646 15.0430870
285_Conv 7.7351174 -14.5222626 15.4400196
287_Mul 4.4634018 -0.2784646 15.4400158
288_Conv 5.9854345 -9.3757648 11.9474888
290_Mul 5.2295461 -0.2784646 11.9474115
295_Resize 3.9670351 -0.2784646 11.9474115
296_Concat 3.9803174 -0.2784646 15.8901730
297_Conv 5.8275752 -9.3150148 9.1282005
299_Mul 2.7453773 -0.2784646 9.1272097
300_Conv 4.3186274 -11.8908138 17.2407703
302_Mul 4.3186274 -0.2784646 17.2407703
303_Conv 6.4147024 -12.8168764 9.8881931
305_Mul 2.5493259 -0.2784646 9.8876905
306_Conv 5.1041622 -10.1883860 9.9409676
308_Mul 2.4899855 -0.2784646 9.9404888
309_Concat 3.7313271 -0.2784646 9.9404888
310_Conv 7.2230916 -19.2521725 15.4792109
312_Mul 4.4747314 -0.2784646 15.4792070
313_Conv 5.7458534 -11.4860954 9.7903690
315_Mul 3.9773576 -0.2784646 9.7898207
320_Resize 3.2506256 -0.2784646 9.7898207
321_Concat 3.1542614 -0.2784646 12.5924025
322_Conv 3.4177959 -6.8222408 4.3361850
324_Mul 1.8059186 -0.2784646 4.2801733
325_Conv 4.1280427 -8.2399607 6.4474511
327_Mul 3.0181985 -0.2784646 6.4372511
328_Conv 8.5929241 -17.1690655 14.1386118
330_Mul 3.5415676 -0.2784646 14.1386013
331_Conv 7.0762444 -14.1386681 7.6044621
333_Mul 3.8077748 -0.2784646 7.6006756
334_Concat 5.3071585 -0.2784646 14.1386013
335_Conv 15.2500286 -40.6270294 32.8124390
337_Mul 12.3106756 -0.2784646 32.8124390
338_Conv 6.4279876 -10.2446861 12.8434200
340_Mul 3.2171302 -0.2784646 12.8433867
341_Concat 5.1175990 -0.2784646 12.8433867
342_Conv 5.8153954 -15.4925766 11.4962368
344_Mul 3.5934150 -0.2784646 11.4961205
345_Conv 7.2799401 -14.5563259 10.2382145
347_Mul 2.5644708 -0.2784646 10.2378483
348_Conv 9.2043781 -24.5210381 13.5990915
350_Mul 3.4064219 -0.2784646 13.5990753
351_Conv 6.2010446 -14.1668949 10.8799877
353_Mul 3.5700376 -0.2784646 10.8797827
354_Concat 7.2262731 -0.2784646 13.5990753
355_Conv 16.4812260 -32.9302635 30.1587830
357_Mul 30.1587830 -0.2784646 30.1587830
358_Conv 8.1443510 -13.4740076 16.2568874
360_Mul 4.0721750 -0.2784646 16.2568855
361_Concat 5.9696894 -0.2784646 16.2568855
362_Conv 7.5265331 -15.0236654 14.4876127
364_Mul 5.9991403 -0.2784646 14.4876060
365_Conv 8.3664017 -16.7164631 12.4972925
367_Mul 5.9560828 -0.2784646 12.4972467
368_Conv 11.2600861 -29.9975739 17.3054981
370_Mul 4.3348413 -0.2784646 17.3054981
371_Conv 6.1801300 -12.3361187 12.1424437
373_Mul 4.4586658 -0.2784646 12.1423788
374_Concat 5.4106097 -0.2784646 17.3054981
375_Conv 13.7416248 -31.4017601 22.9333515
377_Mul 12.1863184 -0.2784646 22.9333515
378_Conv 17.1718102 -20.3468075 7.4529262
396_Reshape 17.1718102 -20.3468075 7.4529262
output_Transpose 17.1718102 -20.3468075 7.4529262
398_Conv 14.0476379 -16.0387650 7.4635201
416_Reshape 14.0476379 -16.0387650 7.4635201
417_Transpose 14.0476379 -16.0387650 7.4635201
418_Conv 13.5789909 -15.5036917 7.4025393
436_Reshape 13.5723572 -15.5036917 7.4025393
437_Transpose 13.5723572 -15.5036917 7.4025393
