# genetated time: 2022-01-13 08:52:10.664644
# sample number: 2000
###
# op_name    threshold    min    max
data 1.0019569 0.0000000 1.0000000
layer1-scale 35.2297058 -51.2181892 50.5553932
layer1-act 50.5553932 -0.3088436 50.5553932
layer2-scale 25.9420109 -92.2157364 79.5775070
layer2-act 19.9333096 -0.3088436 79.5775070
layer3-scale 22.0130463 -87.8802109 52.7854767
layer3-act 13.2221937 -0.3088436 52.7854767
layer5-scale 13.3837299 -48.9447174 31.9624920
layer5-act 31.9624920 -0.3088436 31.9624920
layer6-scale 23.1230087 -52.0480003 54.8067513
layer6-act 54.8067513 -0.3088436 54.8067513
layer7-scale 23.8918133 -56.6255341 47.7026901
layer7-act 20.8801231 -0.3088436 47.7026901
layer8-shortcut 26.2540855 -0.6176871 54.2003288
layer9-scale 18.9827423 -64.7924500 47.0077248
layer9-act 13.5889997 -0.3088436 47.0077248
layer10-route 13.6095867 -0.3088436 52.7854767
layer11-scale 16.8462639 -67.2534409 42.8422356
layer11-act 13.3914680 -0.3088436 42.8422356
layer12-scale 18.0366974 -48.0861168 34.3901749
layer12-act 9.9412136 -0.3088436 34.3901749
layer13-scale 11.6793995 -31.1441154 28.1446571
layer13-act 7.0499339 -0.3088436 28.1446571
layer15-scale 7.3805838 -12.9466028 13.8894711
layer15-act 9.9854956 -0.3088436 13.8894711
layer16-scale 10.0820694 -16.1155586 14.5090599
layer16-act 9.9774141 -0.3088436 14.5090599
layer17-scale 10.9231529 -18.3923969 14.7633772
layer17-act 10.1547804 -0.3088436 14.7633772
layer18-shortcut 9.9167366 -0.6176871 20.1476765
layer19-scale 8.2964325 -14.2717896 16.5766602
layer19-act 6.6049643 -0.3088436 16.5766602
layer20-scale 12.6539278 -24.6065979 30.2738953
layer20-act 10.4091930 -0.3088436 30.2738953
layer21-shortcut 15.0171690 -0.9265302 29.9756775
layer22-scale 11.3941994 -22.3224964 23.9076805
layer22-act 9.8995762 -0.3088436 23.9076805
layer23-route 10.5645638 -0.3088436 28.1446571
layer24-scale 16.3709164 -28.5603905 34.9203568
layer24-act 8.7343540 -0.3088436 34.9203568
layer25-scale 13.7566833 -27.4726162 30.8903141
layer25-act 7.9643955 -0.3088436 30.8903141
layer26-scale 11.1098404 -29.5973091 20.2445583
layer26-act 6.6435566 -0.3088436 20.2445583
layer28-scale 9.0129099 -18.0214195 14.4646378
layer28-act 8.1403341 -0.3088436 14.4646378
layer29-scale 9.8780460 -19.7175064 18.5535297
layer29-act 6.6684890 -0.3088436 18.5535297
layer30-scale 7.6433768 -14.0688667 18.8121700
layer30-act 5.8816748 -0.3088436 18.8121700
layer31-shortcut 8.2366705 -0.6176871 21.9430046
layer32-scale 14.1402435 -56.4505043 15.9148922
layer32-act 5.9739184 -0.3088436 15.9148922
layer33-scale 9.5801706 -19.1416302 14.8927813
layer33-act 5.1206436 -0.3088436 14.8927813
layer34-shortcut 12.1016235 -0.9265288 27.6473484
layer35-scale 20.8768692 -90.5816193 20.7180519
layer35-act 5.6654382 -0.3088436 20.7180519
layer36-scale 16.6273098 -18.9890938 40.9237633
layer36-act 10.2509623 -0.3088436 40.9237633
layer37-shortcut 16.1814480 -1.2353652 43.1083870
layer38-scale 15.1103992 -40.2550507 17.7163086
layer38-act 4.4377446 -0.3088436 17.7163086
layer39-scale 12.7479477 -22.3964748 25.4460983
layer39-act 13.5215406 -0.3088436 25.4460983
layer40-shortcut 16.1062088 -1.5437943 42.9079475
layer41-scale 13.8393974 -18.4164906 15.0859852
layer41-act 3.7733388 -0.3088436 15.0859852
layer42-scale 10.4805088 -17.8344936 20.9507828
layer42-act 5.8938465 -0.3088436 20.9507828
layer43-shortcut 21.4567471 -1.8523288 42.8296776
layer44-scale 12.6091709 -19.6408443 25.1937141
layer44-act 6.3107543 -0.3088436 25.1937141
layer45-scale 13.3182287 -24.9930229 30.4268017
layer45-act 7.6215863 -0.3088436 30.4268017
layer46-shortcut 26.2148037 -2.1578031 43.0139122
layer47-scale 10.7155895 -18.3590317 28.5470009
layer47-act 7.1507163 -0.3088436 28.5470009
layer48-scale 14.3551655 -29.6879635 38.2430573
layer48-act 9.5794744 -0.3088436 38.2430573
layer49-shortcut 26.1740837 -2.4646246 52.2459259
layer50-scale 11.6571045 -23.2914410 21.5301743
layer50-act 5.3878050 -0.3088436 21.5301743
layer51-scale 14.7073059 -32.1176033 39.1811829
layer51-act 9.8144646 -0.3088436 39.1811829
layer52-shortcut 31.2704487 -2.7606635 71.4404144
layer53-scale 12.8827229 -26.0835056 34.3203773
layer53-act 8.5842857 -0.3088436 34.3203773
layer54-route 9.9210377 -0.3088436 34.3203773
layer55-scale 18.0928936 -34.1897278 36.1504478
layer55-act 9.0552979 -0.3088436 36.1504478
layer56-scale 11.3448896 -30.2234936 28.6806602
layer56-act 7.1841965 -0.3088436 28.6806602
layer57-scale 12.3336611 -19.3000584 24.6665688
layer57-act 6.1787100 -0.3088436 24.6665688
layer59-scale 7.2126746 -18.0736580 28.7943497
layer59-act 7.2021041 -0.3088436 28.7943497
layer60-scale 11.4914103 -16.9555225 31.9721947
layer60-act 8.0086908 -0.3088436 31.9721947
layer61-scale 9.7712078 -19.5233307 10.9410429
layer61-act 4.9582653 -0.3088436 10.9410429
layer62-shortcut 7.2001233 -0.6176870 28.7934628
layer63-scale 7.5922394 -22.2295227 30.3096428
layer63-act 7.5922394 -0.3088436 30.3096428
layer64-scale 12.3514032 -24.6545582 16.1706200
layer64-act 4.4219236 -0.3088436 16.1706200
layer65-shortcut 9.1019430 -0.9265301 28.7657585
layer66-scale 13.5297995 -54.0663452 19.4658051
layer66-act 4.8759747 -0.3088436 19.4658051
layer67-scale 9.1137857 -16.0483589 18.2097702
layer67-act 4.5613513 -0.3088436 18.2097702
layer68-shortcut 9.8232346 -1.2353220 28.5697060
layer69-scale 14.9551287 -29.8810482 25.2115784
layer69-act 6.3152289 -0.3088436 25.2115784
layer70-scale 33.9548073 -135.5539551 50.8650589
layer70-act 12.7411499 -0.3088436 50.8650589
layer71-shortcut 12.5726833 -1.5438457 50.2845955
layer72-scale 11.0551577 -22.0887241 19.6190739
layer72-act 4.9143667 -0.3088436 19.6190739
layer73-scale 11.5377531 -23.0529709 20.8378582
layer73-act 5.6981997 -0.3088436 20.8378582
layer74-shortcut 14.1456966 -1.8515869 50.2835312
layer75-scale 11.6958656 -18.3303032 23.3460445
layer75-act 5.8479328 -0.3088436 23.3460445
layer76-scale 10.0908079 -21.4576283 26.8825436
layer76-act 7.9817295 -0.3088436 26.8825436
layer77-shortcut 15.7204523 -2.1581171 50.2808838
layer78-scale 9.8815937 -17.8766918 19.7245865
layer78-act 4.9407969 -0.3088436 19.7245865
layer79-scale 11.6582880 -26.4923954 31.0584087
layer79-act 7.7797971 -0.3088436 31.0584087
layer80-shortcut 18.7553177 -2.4615328 49.9897575
layer81-scale 10.3645582 -19.4156418 20.7088737
layer81-act 5.6629286 -0.3088436 20.7088737
layer82-scale 14.4377346 -36.6041183 38.4630280
layer82-act 9.6345749 -0.3088436 38.4630280
layer83-shortcut 18.7300549 -2.7597418 49.8980370
layer84-scale 10.4396286 -19.1145363 27.8118210
layer84-act 6.6272378 -0.3088436 27.8118210
layer85-route 9.9960938 -0.3088436 27.8118210
layer86-scale 18.7862530 -67.7342834 24.2623634
layer86-act 6.0774608 -0.3088436 24.2623634
layer87-scale 10.4347601 -16.4068642 23.8392334
layer87-act 5.9714713 -0.3088436 23.8392334
layer88-scale 16.3666592 -43.6018028 37.2749405
layer88-act 9.3369713 -0.3088436 37.2749405
layer90-scale 8.4896355 -18.0603771 22.6169186
layer90-act 5.6652946 -0.3088436 22.6169186
layer91-scale 11.7335415 -23.5851517 36.1890945
layer91-act 9.0561171 -0.3088436 36.1890945
layer92-scale 10.8300552 -21.6389580 17.2957344
layer92-act 4.3323951 -0.3088436 17.2957344
layer93-shortcut 6.6208963 -0.6176870 26.4819698
layer94-scale 9.0953894 -36.3105011 25.2669296
layer94-act 6.3290939 -0.3088436 25.2669296
layer95-scale 10.2055531 -40.7424812 18.1710739
layer95-act 4.4010758 -0.3088436 18.1710739
layer96-shortcut 6.2038655 -0.9265285 26.4690170
layer97-scale 14.9774027 -21.7746754 20.1023674
layer97-act 5.0354266 -0.3088436 20.1023674
layer98-scale 15.7284946 -41.9016953 22.5585461
layer98-act 6.6978860 -0.3088436 22.5585461
layer99-shortcut 7.6013565 -1.2353249 30.3905792
layer100-scale 9.3718290 -18.7070484 12.9674244
layer100-act 4.0542998 -0.3088436 12.9674244
layer101-scale 10.6435184 -25.1998062 28.3549976
layer101-act 7.1026216 -0.3088436 28.3549976
layer102-shortcut 8.5022316 -1.5440358 30.2227764
layer103-scale 15.5871191 -20.7422333 18.6960602
layer103-act 5.8453732 -0.3088436 18.6960602
layer104-route 9.3369713 -0.3088436 37.2749405
layer105-scale 7.9242940 -31.6352673 25.2564163
layer105-act 6.3264604 -0.3088436 25.2564163
layer106-scale 10.1860647 -40.7243652 39.9769478
layer106-act 10.0137949 -4.0724368 39.9769478
layer107-scale 8.0810270 -18.3940201 32.2925415
layer107-act 6.3075223 -1.8394021 32.2925415
layer108-scale 16.0608635 -32.1060410 9.6940117
layer108-act 5.7565222 -3.2106042 9.6940117
layer109-maxpool 6.0646796 -0.5062552 9.6940117
layer111-maxpool 6.9692721 -0.1724413 9.6940117
layer113-maxpool 7.2709522 -0.1468191 9.6940117
layer114-route 7.2847366 -3.2106042 9.6940117
layer115-scale 10.7627239 -42.9668121 15.1914721
layer115-act 7.7739983 -4.2966814 15.1914721
layer116-scale 13.2392178 -52.9051552 23.1259861
layer116-act 6.5947208 -5.2905154 23.1259861
layer117-scale 11.3202343 -20.4820786 22.5962486
layer117-act 7.5911593 -2.0482080 22.5962486
layer118-scale 10.2387514 -16.4149227 20.4375076
layer118-act 9.3408651 -1.6414922 20.4375076
layer119-upsample 7.6715569 -1.6414922 20.4375076
layer121-scale 12.2175264 -28.6352119 32.5482559
layer121-act 8.1450176 -2.8635213 32.5482559
layer122-route 9.6639433 -2.8635213 32.5482559
layer123-scale 17.5570583 -30.9592323 35.1098289
layer123-act 10.6981792 -3.0959232 35.1098289
layer124-scale 14.4678450 -22.5982742 28.9215603
layer124-act 8.9252853 -2.2598274 28.9215603
layer125-scale 21.6217937 -30.1861134 43.2224731
layer125-act 11.6501627 -3.0186114 43.2224731
layer126-scale 15.9347639 -27.7516041 31.8539658
layer126-act 9.7058020 -2.7751606 31.8539658
layer127-scale 9.2608433 -24.0380669 36.9710236
layer127-act 10.4006395 -2.4038067 36.9710236
layer128-scale 10.6702671 -28.6536980 42.5977058
layer128-act 15.9897556 -2.8653698 42.5977058
layer129-upsample 10.6702671 -2.8653698 42.5977058
layer131-scale 14.9867182 -29.9588013 25.8396835
layer131-act 10.4999352 -2.9958801 25.8396835
layer132-route 12.8129826 -2.9958801 42.5977058
layer133-scale 20.2819118 -33.0675087 46.3360176
layer133-act 11.6066732 -3.3067510 46.3360176
layer134-scale 16.4183292 -30.1175442 65.5450516
layer134-act 16.4183292 -3.0117545 65.5450516
layer135-scale 20.9140816 -43.4215012 83.4929352
layer135-act 20.9140816 -4.3421502 83.4929352
layer136-scale 34.8104248 -71.8445282 138.9697418
layer136-act 34.8104248 -7.1844530 138.9697418
layer137-scale 26.8948727 -94.4402924 107.3693771
layer137-act 26.8948727 -9.4440298 107.3693771
layer138-scale 18.8969822 -151.1020355 53.2200241
layer138-act 13.3310432 -15.1102037 53.2200241
layer139-conv 51.8753204 -138.1990967 16.7764969
layer142-scale 12.9926558 -50.5536385 51.9198723
layer142-act 13.0053692 -5.0553641 51.9198723
layer143-route 13.0053692 -5.0553641 51.9198723
layer144-scale 9.5278492 -33.0336380 38.0369606
layer144-act 10.2524624 -3.3033638 38.0369606
layer145-scale 8.2849274 -25.7983360 33.0749817
layer145-act 8.2849274 -2.5798337 33.0749817
layer146-scale 21.6968193 -46.1109238 86.6177673
layer146-act 21.6968193 -4.6110926 86.6177673
layer147-scale 10.8564825 -38.6504669 43.3411140
layer147-act 10.8564825 -3.8650467 43.3411140
layer148-scale 15.2869205 -54.6122780 61.0282516
layer148-act 15.7343264 -5.4612279 61.0282516
layer149-scale 8.5650558 -68.4535294 43.7908401
layer149-act 10.9691343 -6.8453531 43.7908401
layer150-conv 48.2064590 -96.3658447 15.1513672
layer153-scale 7.5259147 -25.0049934 30.0448627
layer153-act 7.5259147 -2.5004995 30.0448627
layer154-route 7.5121326 -2.5004995 30.0448627
layer155-scale 8.1213226 -26.0283928 32.4218445
layer155-act 8.1213226 -2.6028392 32.4218445
layer156-scale 6.4752688 -13.1004705 25.8504868
layer156-act 6.4752688 -1.3100470 25.8504868
layer157-scale 11.3687239 -20.1307240 45.3860779
layer157-act 11.3687239 -2.0130725 45.3860779
layer158-scale 7.9677620 -20.4908562 31.8087997
layer158-act 7.9677620 -2.0490856 31.8087997
layer159-scale 8.1994896 -26.5223122 32.7338982
layer159-act 8.1994896 -2.6522312 32.7338982
layer160-scale 10.8821859 -43.4437256 43.2908669
layer160-act 5.4166479 -4.3443727 43.2908669
layer161-conv 26.5021076 -52.9006920 12.4313030
